
Fitness evolution
-----------------

Simulation 1
0.84	0.0	0.0	0.0	0.0	0.0	0.0	0.0	0.76	0.72	0.0	0.0	0.0	0.0	0.0	0.0	0.72	0.72	0.0	0.76
0.84	0.76	0.76	0.76	0.0	0.76	0.64	0.64	0.84	0.84	0.76	0.76	0.76	0.76	0.0	0.76	0.84	0.84	0.76	0.0
0.84	0.84	0.84	0.84	0.0	0.84	0.84	0.84	0.84	0.84	0.84	0.84	0.84	0.84	0.84	0.84	0.84	0.0	0.0	0.84
0.84	0.84	0.84	0.84	0.84	0.0	0.76	0.0	0.84	0.0	0.84	0.84	0.84	0.84	0.84	0.84	0.84	0.72	0.84	0.84
0.0	0.84	0.84	0.84	0.84	0.84	0.0	0.84	0.76	0.0	0.84	0.84	0.84	0.84	0.84	0.84	0.84	0.84	0.84	0.84
0.72	0.84	0.84	0.84	0.84	0.84	0.84	0.72	0.84	0.84	0.76	0.84	0.76	0.88	0.84	0.84	0.84	0.84	0.84	0.84
0.0	0.84	0.84	0.84	0.84	0.84	0.84	0.84	0.0	0.84	0.84	0.88	0.84	0.84	0.88	0.88	0.84	0.84	0.0	0.84
0.84	0.88	0.88	0.88	0.8	0.88	0.72	0.88	0.88	0.88	0.88	0.8	0.88	0.88	0.88	0.88	0.88	0.84	0.88	0.88
0.88	0.0	0.88	0.88	0.0	0.88	0.88	0.84	0.88	0.88	0.88	0.88	0.88	0.96	0.88	0.88	0.88	0.88	0.88	0.88
0.88	0.88	0.88	0.0	0.96	0.88	0.88	0.88	0.0	0.88	0.88	0.84	0.0	0.84	0.84	0.96	0.88	0.88	0.88	0.88
0.96	0.88	0.84	0.8	0.84	0.96	0.84	0.96	0.88	0.96	0.96	0.96	0.76	0.88	0.0	0.88	0.88	0.84	0.96	0.84
0.96	0.96	0.96	0.96	0.96	0.96	0.96	0.96	0.96	0.96	0.96	0.84	0.96	0.96	0.96	0.96	0.88	0.96	0.96	0.96
0.0	0.92	0.96	0.96	0.96	0.96	0.96	0.96	0.96	0.96	0.96	0.96	0.96	0.96	0.88	0.96	0.88	0.96	0.84	0.96
0.96	0.8	0.96	0.8	0.96	0.96	0.96	0.96	0.96	0.96	0.96	0.96	0.96	0.96	0.84	0.96	0.92	0.92	0.96	0.96
0.96	0.96	0.96	0.96	0.0	0.96	0.96	0.96	0.96	0.84	0.96	0.96	0.96	0.96	0.96	0.96	0.96	0.96	0.96	0.96
0.96	0.96	0.96	0.96	0.96	0.88	0.0	0.96	0.96	0.88	0.96	0.76	0.96	0.96	0.88	0.96	0.0	0.0	0.96	0.96
0.96	0.92	0.96	0.76	0.96	0.96	0.72	0.96	0.92	0.96	0.96	0.76	0.96	0.96	0.96	0.96	0.0	0.0	0.96	0.96
0.96	0.8	0.96	0.72	0.96	0.96	0.96	0.96	0.96	0.0	0.76	0.96	0.76	0.0	0.96	0.96	0.96	0.96	0.96	0.96
0.84	0.96	0.96	0.96	0.8	0.96	0.92	0.96	0.8	0.96	0.96	0.76	0.96	0.96	0.96	0.96	0.84	0.96	0.0	0.8
0.76	0.8	0.96	0.76	0.96	0.96	0.76	0.96	0.96	0.76	0.96	0.96	0.8	0.72	0.96	0.76	0.96	0.96	0.96	0.96

Simulation 2
0.0	0.8	0.0	0.0	0.0	0.0	0.0	0.92	0.64	0.0	0.0	0.0	0.52	0.0	0.48	0.0	0.0	0.0	0.0	0.0
0.68	0.92	0.8	0.8	0.92	0.92	0.8	0.92	0.88	0.76	0.92	0.92	0.8	0.64	0.72	0.6	0.92	0.92	0.0	0.8
0.52	0.92	0.0	0.92	0.8	0.92	0.92	0.92	0.92	0.92	0.92	0.92	0.92	0.76	0.92	0.92	0.92	0.92	0.96	0.92
0.96	0.92	0.92	0.92	0.92	0.92	0.92	0.96	0.92	0.96	0.96	0.92	0.96	0.92	0.92	0.96	0.92	0.0	0.92	0.72
0.96	0.56	0.96	0.96	0.96	0.96	0.96	0.84	0.96	0.76	0.8	0.8	0.96	1.0	0.96	0.96	0.96	0.8	0.96	0.96
0.96	0.96	0.96	0.96	0.96	1.0	0.76	1.0	0.96	1.0	1.0	0.96	0.96	1.0	0.64	0.96	0.64	0.96	0.8	0.0

Simulation 3
0.8	0.52	0.72	0.68	0.64	0.0	0.0	0.0	1.0	0.6	0.0	0.0	0.0	0.0	0.68	0.0	0.0	0.52	0.0	0.76
1.0	0.0	0.8	0.0	0.8	0.8	0.84	1.0	0.8	1.0	1.0	0.76	0.76	0.76	0.76	0.0	0.92	0.76	0.52	1.0

Simulation 4
0.8	0.0	0.72	0.0	0.0	0.76	0.0	0.0	0.6	0.0	0.0	0.0	0.0	0.0	0.0	0.0	0.0	0.6	0.6	0.0
0.8	0.0	0.76	0.76	0.64	0.76	0.72	0.84	0.72	0.76	0.8	0.72	0.76	0.8	0.76	0.72	0.76	0.8	0.84	0.76
0.8	0.84	0.84	0.84	0.8	0.84	0.84	0.84	0.92	0.76	0.84	0.84	0.92	0.88	0.8	0.92	0.8	0.8	0.72	0.76
0.92	0.8	0.92	0.92	0.92	0.92	0.92	0.92	0.92	0.88	0.92	0.92	0.92	0.92	0.92	0.92	0.92	0.92	0.88	0.8
0.92	0.92	0.0	0.92	0.92	0.92	0.92	0.92	0.92	0.92	0.8	0.92	0.84	0.92	0.92	0.92	0.92	0.92	0.84	0.76
0.92	0.92	0.92	0.84	0.92	0.92	0.92	0.92	0.92	0.92	0.92	0.92	0.92	0.8	0.0	0.92	0.92	0.92	0.92	0.92
0.92	0.92	0.92	0.92	0.92	0.92	0.92	0.92	0.0	0.92	0.92	0.92	0.92	0.92	0.92	0.92	0.92	0.92	0.92	0.92
0.92	0.92	0.92	0.92	0.92	0.92	0.92	0.92	0.92	0.92	0.92	0.92	0.92	0.92	0.92	0.92	0.92	0.92	0.92	0.92
0.92	0.92	0.92	0.92	0.92	0.76	0.92	0.92	0.84	0.92	0.76	0.92	0.92	0.92	0.92	0.92	0.0	0.92	0.92	0.92
0.92	0.92	0.92	0.92	0.92	0.84	0.92	0.92	0.92	0.92	0.92	0.92	0.92	0.0	0.0	0.76	0.76	0.92	0.0	0.92
0.92	0.92	0.92	0.92	0.92	0.92	0.92	0.92	0.92	0.92	0.92	0.84	0.92	0.92	0.92	0.0	0.92	0.76	0.92	0.92
0.92	0.92	0.92	0.92	0.92	0.92	0.84	0.92	0.84	0.92	0.92	0.92	0.92	0.92	0.92	0.88	0.84	0.92	0.92	0.92
0.92	0.92	0.92	0.92	0.92	0.92	0.92	0.88	0.92	0.92	0.92	0.92	0.92	0.92	0.92	0.92	0.0	0.88	0.84	0.92
0.92	0.92	0.92	0.92	0.92	0.92	0.88	0.92	0.92	0.92	0.92	0.92	0.88	0.76	0.92	0.92	0.92	0.92	0.92	0.92
0.92	0.0	0.92	0.92	0.92	0.0	0.92	0.92	0.92	0.92	0.0	0.92	0.84	0.0	0.92	0.92	0.88	0.92	0.84	0.88
0.92	0.92	0.92	0.92	0.92	0.92	0.92	0.92	0.92	0.92	0.92	0.92	0.92	0.92	0.92	0.88	0.76	0.0	0.92	0.92
0.92	0.92	0.92	0.92	0.92	0.92	0.92	0.92	0.92	0.92	0.92	0.76	0.92	0.8	0.0	0.92	0.92	0.92	0.92	0.92
0.92	0.92	0.92	0.92	0.92	0.92	0.88	0.92	0.76	0.92	0.92	0.0	0.92	0.92	0.92	0.92	0.76	0.92	0.92	0.92
0.92	0.92	0.92	0.92	0.92	0.92	0.76	0.92	0.92	0.84	0.0	0.88	0.92	0.92	0.84	0.92	0.92	0.92	0.0	0.92
0.0	0.92	0.92	0.92	0.92	0.92	0.92	0.92	0.84	0.92	0.8	0.92	0.92	0.92	0.88	0.92	0.92	0.92	0.92	0.92

Simulation 5
0.0	0.76	0.0	0.0	0.0	0.6	0.0	1.0	0.0	0.0	0.0	0.84	0.0	0.0	0.52	0.0	0.0	0.0	0.0	0.68
0.8	1.0	0.84	0.72	0.76	1.0	0.68	0.56	0.0	0.76	1.0	0.76	0.0	0.76	0.76	0.0	0.76	1.0	0.72	0.76

Simulation 6
0.0	0.0	0.8	0.76	0.0	0.0	0.64	0.0	0.0	0.0	0.88	0.0	0.92	0.28	0.0	0.0	0.0	0.84	0.0	0.0
0.92	0.8	0.84	0.72	0.88	0.88	0.8	0.0	0.88	0.92	0.0	0.92	0.84	0.88	0.76	0.92	0.8	0.84	0.76	0.88
0.92	0.76	0.8	0.92	0.92	0.0	0.92	0.92	0.92	0.0	0.92	0.0	0.84	0.92	0.8	0.92	0.92	0.92	0.76	0.92
0.92	0.92	0.92	0.92	0.92	0.88	0.92	0.92	0.88	0.92	0.84	0.92	0.92	0.92	0.92	0.92	0.0	0.92	0.92	0.92
0.92	0.92	0.92	0.92	0.88	0.92	0.92	0.92	0.76	0.92	0.92	0.76	0.92	0.92	0.92	0.76	0.92	0.76	0.92	0.92
0.92	0.92	0.92	0.92	0.92	0.92	0.92	0.92	0.92	0.92	0.92	0.92	0.92	0.92	0.92	0.92	0.92	0.92	0.92	0.92
0.92	0.0	0.92	0.92	0.92	0.88	0.92	0.92	0.92	0.96	0.88	0.88	0.92	0.92	0.92	0.92	0.92	0.92	0.92	0.92
0.92	0.92	0.92	0.88	0.88	0.92	0.92	0.96	0.92	0.92	0.92	0.96	0.92	0.92	0.88	0.92	0.92	0.96	0.92	0.88
0.96	0.96	0.96	0.96	0.96	0.96	0.84	0.96	0.96	0.96	0.8	0.92	0.96	0.96	0.96	0.96	0.0	0.8	0.0	0.0
0.0	0.96	0.96	0.96	0.8	0.96	0.0	0.96	0.92	0.0	0.96	0.92	0.0	0.96	0.96	0.0	0.96	0.8	0.96	0.96
0.8	0.96	0.96	0.96	0.96	0.96	0.96	0.96	0.96	0.92	0.96	0.96	0.96	0.96	0.96	0.0	0.96	0.96	0.92	0.96
0.92	0.96	0.92	0.96	0.96	0.96	0.96	0.92	0.96	0.96	0.96	0.96	0.88	0.96	0.96	0.96	0.96	0.96	0.96	0.96
0.84	0.96	0.96	0.96	0.96	0.96	0.88	0.96	0.0	0.84	0.96	0.96	0.96	0.96	0.96	0.96	0.96	1.0	0.96	0.96
0.8	0.96	1.0	0.96	0.96	1.0	0.96	0.96	0.0	1.0	0.96	0.96	1.0	0.96	0.84	0.96	0.96	1.0	0.96	0.0

Simulation 7
0.0	0.0	0.84	0.0	0.68	0.0	0.0	0.0	0.0	0.8	0.0	0.72	0.68	0.0	0.44	0.0	0.0	0.0	0.0	0.56
0.84	0.72	0.84	0.84	0.84	0.8	0.84	0.72	0.8	0.84	0.76	0.84	0.84	0.84	0.0	0.84	0.72	0.0	0.8	0.8
0.84	0.92	0.0	0.92	0.84	0.84	0.0	0.84	0.84	0.84	0.0	0.84	0.84	0.84	0.84	0.84	0.84	0.84	0.84	0.84
0.92	0.92	0.92	0.92	0.92	0.84	0.92	0.0	0.0	0.84	0.84	0.76	0.76	0.76	0.92	0.0	0.92	0.92	0.84	0.92
0.92	0.92	0.84	0.92	0.92	0.0	0.92	0.92	0.92	0.92	0.92	0.92	0.92	0.0	0.0	0.92	0.92	0.92	0.92	0.84
0.76	0.92	0.92	0.92	0.92	0.92	0.88	0.92	0.84	0.84	0.92	0.92	0.92	0.92	0.92	0.92	0.92	0.92	0.92	0.92
0.92	0.0	0.92	0.92	0.8	0.92	0.92	0.84	0.92	0.92	0.92	0.92	0.92	0.92	0.92	0.68	0.92	0.92	0.8	0.92
0.84	0.92	0.92	0.92	0.92	0.92	0.92	0.92	0.92	0.92	0.0	0.92	0.92	0.92	0.92	0.92	0.92	0.0	0.92	0.92
0.92	0.92	0.92	0.88	0.92	0.92	0.92	0.92	0.88	0.92	0.92	0.92	0.92	0.84	0.88	0.92	0.84	0.92	0.92	0.92
0.92	0.92	0.88	0.92	0.64	0.92	0.92	0.92	0.92	0.92	0.92	0.92	0.92	0.92	0.92	0.84	0.92	0.92	0.92	0.92
0.92	0.92	0.96	0.0	0.84	0.92	0.92	0.92	0.92	0.0	0.84	0.92	0.84	0.92	0.84	0.92	0.92	0.84	0.92	0.0
0.92	0.0	0.92	0.96	0.92	0.92	0.0	0.96	0.92	0.0	0.96	0.92	0.92	0.96	0.96	0.92	0.96	0.92	0.0	0.84
0.96	0.92	0.88	0.88	0.92	0.96	0.92	0.88	0.96	0.96	0.96	0.96	0.96	0.96	0.96	0.96	0.96	0.96	0.96	0.96
0.96	0.96	0.92	0.96	0.96	0.96	0.96	0.96	0.0	0.96	0.96	0.88	0.96	0.96	0.96	0.96	0.96	0.96	0.96	0.96
0.96	0.0	0.96	0.96	0.96	0.96	0.0	0.96	0.96	0.96	0.96	0.8	0.0	0.96	0.96	0.92	0.96	0.92	0.0	0.96
0.96	0.0	0.96	0.0	0.96	0.74	0.0	0.92	0.96	0.96	0.96	0.0	0.96	0.8	0.96	0.96	0.0	0.0	0.96	1.0
0.0	1.0	0.96	0.82	0.82	0.96	1.0	0.96	0.96	0.96	0.0	1.0	1.0	0.88	0.96	0.0	0.92	1.0	1.0	0.96

Simulation 8
0.0	0.0	0.0	0.0	0.52	0.0	0.0	0.84	0.0	0.68	0.0	0.72	0.0	0.8	0.0	0.0	0.0	0.7	0.8	0.56
0.72	0.8	0.0	0.8	0.8	0.8	0.84	0.8	0.8	0.88	0.84	0.84	0.84	0.8	0.84	0.8	0.84	0.84	0.76	0.8
0.84	0.84	0.84	0.84	0.84	0.8	0.84	0.8	0.84	0.88	0.88	0.84	0.84	0.88	0.84	0.88	0.84	0.0	0.84	0.84
0.88	0.88	0.0	0.88	0.88	0.88	0.88	0.88	0.8	0.88	0.76	0.88	0.8	0.0	0.8	0.88	0.88	0.88	0.0	0.88
0.0	0.88	0.92	0.88	0.88	0.0	0.88	0.88	0.88	0.8	0.0	0.88	0.88	0.0	0.88	0.88	0.88	0.0	0.88	0.88
0.88	0.0	0.0	0.88	0.92	0.88	0.92	0.0	0.92	0.88	0.92	0.8	0.88	0.0	0.92	0.0	0.88	0.88	0.88	0.88
0.92	0.92	0.92	0.92	0.92	0.0	0.92	0.92	0.92	0.92	0.92	0.92	0.84	0.92	0.92	0.92	0.92	0.0	0.92	0.92
0.92	0.8	0.8	0.92	0.92	0.84	0.92	0.92	0.92	0.0	0.92	0.92	0.92	0.92	0.92	0.84	0.92	0.92	0.92	0.92
0.92	0.84	0.92	0.92	0.92	0.84	0.92	0.92	0.92	0.92	0.84	0.92	0.92	0.92	0.92	0.92	0.92	0.92	0.92	0.92
0.92	0.92	0.92	0.92	0.92	0.92	0.92	0.92	0.92	0.0	0.92	0.92	0.92	0.92	0.92	0.92	0.72	0.92	0.8	0.92
0.92	0.8	0.92	0.92	0.92	0.92	0.92	0.92	0.92	0.92	0.92	0.92	0.92	0.92	0.8	0.92	0.92	0.84	0.92	0.92
0.92	0.92	0.92	0.0	0.92	0.92	0.92	0.92	0.92	0.92	0.92	0.92	0.92	0.92	0.92	0.92	0.0	0.84	0.92	0.92
0.92	0.88	0.92	0.62	0.92	0.92	0.92	0.92	0.92	0.62	0.56	0.92	0.0	0.92	0.92	0.92	0.92	0.92	0.92	0.92
0.92	0.92	0.62	0.92	0.92	0.92	0.92	0.92	0.92	0.92	0.92	0.92	0.92	0.76	0.92	0.92	0.92	0.92	0.92	0.92
0.92	0.92	0.96	0.88	0.92	0.84	0.92	0.92	0.0	0.92	0.92	0.0	0.92	0.92	0.92	0.92	0.92	0.0	0.92	0.58
0.92	0.88	0.92	0.72	0.92	0.96	0.92	0.92	0.96	0.96	0.88	0.76	0.92	0.92	0.92	0.92	0.92	0.96	0.92	0.92
0.96	0.96	0.96	0.96	0.96	0.96	0.88	0.64	0.88	0.88	0.96	0.92	0.96	0.96	0.96	0.88	0.88	0.96	0.84	0.74
0.88	0.96	0.8	0.0	0.96	0.88	0.96	0.92	0.88	0.96	0.96	0.96	0.96	0.96	1.0	0.96	0.0	0.96	0.92	0.96
1.0	0.96	0.92	0.0	0.96	0.96	0.96	0.88	0.96	1.0	0.96	1.0	0.96	0.96	0.96	0.8	0.92	1.0	0.96	0.92

Simulation 9
0.0	0.52	0.0	0.6	0.84	0.0	0.8	0.0	0.0	0.0	0.8	0.0	0.0	0.84	0.0	0.0	0.0	0.0	0.0	0.8
0.0	0.58	0.8	0.76	0.84	0.8	0.8	0.84	0.8	0.8	0.84	0.0	0.64	0.72	0.8	0.84	0.84	0.84	0.84	0.84
0.84	0.84	0.84	0.84	0.84	0.84	0.84	0.0	0.76	0.92	0.88	0.76	0.84	0.84	0.84	0.84	0.76	0.84	0.84	0.84
0.84	0.92	0.0	0.84	0.88	0.88	0.0	0.76	0.0	0.96	0.88	0.84	0.88	0.84	0.88	0.88	0.84	0.0	0.92	0.0
0.84	0.76	0.92	0.96	0.92	0.96	0.96	0.96	0.0	0.92	0.8	0.92	0.96	0.88	0.0	0.92	0.92	0.96	0.92	0.92
0.88	0.96	0.96	0.96	0.96	0.96	0.96	0.96	0.88	0.96	0.96	0.0	0.96	0.96	0.92	0.96	0.96	0.96	0.96	0.96
0.96	0.96	0.96	0.92	0.96	0.96	0.96	0.96	0.0	0.96	0.88	0.96	0.96	0.92	0.96	0.88	0.96	0.0	0.0	0.96
0.96	0.0	0.96	0.88	0.0	0.96	0.0	0.96	0.6	0.96	0.0	0.96	0.96	0.96	0.96	0.96	0.96	0.96	0.0	0.96
0.96	0.96	0.96	0.96	0.0	0.88	0.0	0.96	0.0	0.0	0.96	0.0	0.96	0.96	0.96	0.0	0.96	0.96	0.0	0.96
0.0	0.0	0.96	0.96	0.96	0.96	0.96	0.0	0.96	0.96	0.96	0.96	0.0	0.96	0.0	0.96	0.96	0.96	0.96	0.96
0.88	0.96	0.88	0.96	0.88	0.96	0.96	0.96	0.96	0.0	0.92	0.96	0.96	0.96	0.96	0.0	0.96	0.96	0.96	0.96
0.0	0.96	0.96	0.0	0.96	0.0	0.0	0.96	0.96	0.96	0.64	0.96	0.96	0.96	0.96	0.0	0.96	0.96	0.96	0.96
0.96	0.96	0.96	0.96	0.96	0.0	0.96	0.76	0.96	0.96	0.96	0.88	0.0	0.96	0.96	0.96	0.0	0.96	0.96	0.64
0.88	0.96	0.92	0.96	0.96	0.96	0.96	0.96	0.96	0.96	0.92	0.88	0.0	0.96	0.96	0.96	0.96	0.96	0.96	0.96
0.88	0.96	0.0	0.96	0.96	0.96	0.0	0.96	0.96	0.96	0.96	0.96	0.64	0.96	0.96	0.0	0.96	0.76	0.96	0.76
0.92	0.96	0.96	0.96	0.96	0.96	0.92	0.0	0.76	0.96	0.96	0.96	0.96	0.96	0.96	0.64	0.96	0.96	0.96	0.8
0.96	0.0	0.84	0.96	0.92	0.96	0.96	0.64	0.0	0.96	0.96	0.96	0.96	0.96	0.0	0.0	0.96	0.96	0.96	0.96
0.88	0.92	0.0	0.84	0.96	0.0	0.96	0.96	0.88	0.84	0.56	0.0	0.92	0.96	0.96	0.96	0.0	0.0	0.88	0.96
0.96	0.96	0.88	0.96	0.96	0.96	0.0	0.96	0.92	0.96	0.96	0.96	0.64	0.96	0.96	0.88	0.76	0.96	0.96	0.96
0.0	0.0	0.8	0.96	0.96	0.96	0.96	0.76	0.96	0.96	0.96	0.0	0.88	0.96	0.92	0.8	0.96	0.96	0.92	0.96

Simulation 10
0.0	0.0	0.0	0.0	0.6	0.84	0.0	0.0	0.0	0.0	0.62	0.0	0.0	0.0	0.0	0.0	0.48	0.76	0.0	0.0
0.92	0.84	0.66	0.84	0.84	0.84	0.68	0.76	0.84	0.72	0.48	0.0	0.52	0.72	0.62	0.68	0.52	0.72	0.76	0.84
0.0	0.64	0.0	0.96	0.84	0.84	0.0	0.84	0.92	0.92	0.84	0.84	0.92	0.0	0.0	0.92	0.8	0.84	0.0	0.8
0.84	0.92	0.96	0.92	0.96	0.92	0.92	0.88	0.84	0.96	0.92	0.92	0.8	0.96	0.92	0.96	0.92	0.84	0.92	0.96
0.96	0.92	0.96	0.0	0.0	0.96	0.96	0.96	0.96	0.64	0.96	0.0	0.96	0.84	0.96	0.96	0.96	0.84	0.96	0.96
0.96	0.96	0.0	0.84	0.96	0.96	0.96	0.96	0.96	0.96	0.96	0.64	0.64	0.96	0.96	0.96	0.96	0.0	0.96	0.84
0.84	0.88	0.96	0.96	0.0	0.84	0.96	0.96	0.96	0.96	0.96	1.0	0.96	0.0	1.0	0.72	0.84	0.72	0.96	0.96
1.0	1.0	0.96	1.0	1.0	1.0	0.82	1.0	1.0	0.96	0.96	1.0	0.0	0.96	1.0	0.96	0.76	0.96	0.84	1.0

Simulation 11
0.64	0.68	0.0	0.0	0.0	0.0	0.0	0.0	0.8	0.0	0.0	0.0	0.0	0.0	0.0	0.74	0.0	0.0	0.0	0.0
0.0	0.96	0.76	0.8	0.0	0.0	0.72	0.76	0.68	0.68	0.68	0.8	0.8	0.4	0.88	0.0	0.96	0.72	0.74	0.8
0.88	0.84	0.92	0.96	0.96	0.96	1.0	0.88	0.88	0.88	0.74	0.88	0.96	0.72	0.66	0.96	0.88	0.0	0.96	0.96
0.52	0.96	1.0	0.7	0.96	1.0	0.88	0.96	0.96	0.96	1.0	0.82	0.96	1.0	1.0	0.96	0.96	0.82	0.88	0.8

Simulation 12
0.64	0.0	0.8	0.0	0.0	0.0	0.72	0.56	0.0	0.0	0.68	0.66	0.2	0.0	0.0	0.0	0.0	0.0	0.6	0.0
0.8	0.0	0.76	0.8	0.72	0.8	0.68	0.0	0.0	0.68	0.0	0.8	0.68	0.0	0.72	0.68	0.68	0.88	0.72	0.68
0.8	0.88	0.8	0.8	0.8	0.88	0.8	0.8	0.0	0.0	0.88	0.72	0.8	0.84	0.8	0.76	0.0	0.8	0.88	0.88
0.88	0.88	0.88	0.96	0.88	0.0	0.88	0.88	0.88	0.0	0.88	0.88	0.0	0.0	0.0	0.88	0.88	0.88	0.88	0.88
0.96	0.0	0.88	0.88	0.88	0.0	0.96	0.96	0.88	0.96	0.88	0.96	0.88	0.84	0.88	0.88	0.0	0.88	0.96	0.8
0.0	0.96	0.96	0.0	0.0	0.96	0.96	0.0	0.96	0.96	0.96	0.96	0.96	0.96	0.96	0.96	0.0	0.96	0.96	0.0
0.96	0.96	0.96	0.96	0.96	0.96	0.96	0.96	0.0	0.96	0.0	0.96	0.96	0.96	0.96	0.92	0.96	0.0	0.96	0.96
0.88	0.96	0.0	0.96	0.96	0.0	0.96	0.96	0.92	0.96	0.0	0.96	0.96	0.0	0.96	0.96	0.6	0.96	0.0	0.88
0.96	0.96	0.96	0.96	0.92	0.96	0.84	0.96	0.92	0.96	0.96	0.96	0.92	0.0	0.96	0.8	0.96	0.96	0.96	0.96
0.96	0.0	0.88	0.0	0.96	0.96	0.96	0.96	0.96	0.96	0.96	0.84	0.96	0.96	0.88	0.96	0.96	0.96	0.96	0.96
0.96	0.96	0.96	0.88	0.96	0.96	0.0	0.68	0.96	0.74	0.68	0.84	0.96	0.96	0.64	0.88	0.96	0.96	0.0	0.96
0.92	0.96	0.96	0.96	0.84	0.96	0.96	0.96	0.66	0.96	0.96	0.96	0.0	0.96	0.96	0.88	0.96	0.88	0.96	0.96
0.96	0.96	0.96	0.96	0.96	0.96	0.96	0.96	0.92	0.96	0.96	0.74	0.0	0.96	0.96	0.96	0.96	0.96	0.96	0.96
0.96	0.96	0.96	0.0	0.96	0.0	0.96	0.96	0.96	0.84	0.96	0.96	0.88	0.96	0.88	0.88	0.0	0.96	0.96	0.68
0.96	0.84	0.84	0.96	0.0	0.96	0.96	0.96	0.96	0.0	0.96	0.96	0.96	0.96	0.96	0.96	0.96	0.0	0.96	0.96
0.96	0.96	0.96	0.96	0.96	0.0	0.96	0.96	0.96	0.96	0.96	0.96	0.96	0.0	0.96	0.0	0.96	0.96	0.0	0.96
0.96	0.96	0.6	0.0	0.96	0.96	0.96	0.96	0.96	0.0	0.84	0.96	0.96	0.0	0.0	0.0	0.96	0.72	0.96	0.88
0.96	0.96	0.0	0.96	0.0	0.96	0.88	0.96	0.92	0.96	0.64	0.96	0.96	0.68	0.96	0.96	0.88	0.0	0.96	0.84
0.96	0.96	0.72	0.96	0.64	0.96	0.96	0.96	0.96	0.72	0.96	0.0	0.96	0.96	0.96	0.96	0.0	0.0	0.96	0.0
0.0	0.0	0.96	0.68	0.96	0.96	0.88	0.72	0.96	0.96	0.0	0.96	0.0	0.96	0.96	0.96	0.96	0.96	0.68	0.92

Simulation 13
0.0	0.72	0.2	0.88	0.0	0.76	0.56	0.6	0.0	0.68	0.68	0.0	0.0	0.0	0.0	0.44	0.0	0.8	0.0	0.0
0.68	0.8	0.72	0.8	0.8	0.88	0.76	0.8	0.92	0.84	0.84	0.84	0.76	0.84	0.8	0.72	0.8	0.84	0.72	0.92
0.92	0.0	0.88	0.88	0.0	0.88	0.92	0.92	0.8	0.92	0.92	0.88	0.92	0.8	0.92	0.92	0.88	0.92	0.96	0.88
0.8	0.92	0.96	0.0	0.92	0.96	0.96	0.92	0.96	0.92	0.92	0.92	0.96	0.92	0.92	0.0	0.92	0.92	0.92	0.0
0.0	0.96	0.96	0.96	0.96	0.96	0.88	0.92	0.8	0.96	0.96	0.7	0.0	0.96	0.96	0.92	0.96	0.96	0.96	0.74
0.96	0.96	0.96	0.0	0.96	0.96	0.8	0.0	0.96	0.96	0.96	0.96	0.96	0.0	0.96	0.96	0.96	0.96	0.96	0.96
0.0	0.96	0.84	0.64	0.96	0.0	0.0	0.64	0.96	0.96	0.96	0.76	0.96	0.96	0.96	0.8	0.96	0.64	0.0	0.96
0.96	0.0	0.96	0.96	0.96	0.0	0.96	0.96	0.0	0.96	0.96	0.96	0.96	0.96	0.96	0.96	0.96	0.92	0.96	0.96
0.64	0.96	0.96	0.92	0.0	0.96	0.96	0.96	0.96	0.8	0.96	0.96	0.96	0.96	0.0	0.64	0.96	0.96	0.96	0.96
0.96	0.96	0.96	0.96	0.96	0.96	0.96	0.96	0.8	0.0	0.96	0.96	0.0	0.92	0.0	0.96	0.96	0.0	0.96	0.96
0.96	0.0	0.96	0.96	0.96	0.0	0.96	0.92	0.8	0.96	0.8	0.0	0.96	0.96	0.96	0.96	0.96	0.0	0.0	0.0
0.96	0.96	0.8	0.92	0.96	0.0	0.96	0.96	0.96	0.0	0.96	0.96	0.96	0.96	0.96	0.0	0.0	0.96	0.96	0.0
0.96	0.96	0.96	0.96	0.96	0.96	0.0	0.96	0.96	0.96	0.0	0.0	0.96	0.96	0.96	0.0	0.96	0.96	0.96	0.96
0.92	0.96	0.96	0.8	0.96	0.96	0.96	0.0	0.96	0.96	0.96	0.96	0.96	0.96	0.96	0.96	0.96	0.92	0.96	0.96
0.84	0.96	0.96	0.8	0.96	0.96	0.72	0.96	0.8	0.96	0.96	0.96	0.96	0.0	0.96	0.96	0.96	0.96	0.72	0.96
0.0	0.96	0.96	0.64	0.96	0.0	0.96	0.96	0.96	0.68	0.96	0.96	0.96	0.0	0.96	0.84	0.0	0.96	0.8	0.96
0.92	0.0	0.96	0.96	0.0	0.96	0.96	0.96	0.96	0.96	0.8	0.96	0.96	0.96	0.96	0.96	0.96	0.96	0.96	0.96
0.0	0.96	0.0	0.96	0.96	0.96	0.96	0.0	0.96	0.96	0.96	0.0	0.96	0.96	0.92	0.96	0.96	0.96	1.0	0.96
0.0	0.96	0.96	0.96	0.96	0.8	0.76	0.92	1.0	0.96	0.8	0.68	0.96	0.96	0.96	0.92	1.0	0.96	1.0	0.96

Simulation 14
0.0	0.62	0.0	0.0	0.8	0.0	0.76	0.0	0.0	0.0	0.0	0.88	0.68	0.0	0.0	0.0	0.0	0.0	0.0	0.0
0.8	0.88	0.0	0.8	0.88	0.76	0.8	0.88	0.76	0.68	0.76	0.84	0.84	0.0	0.0	0.88	0.96	0.76	0.76	0.0
0.96	0.96	0.88	0.72	0.88	0.84	0.0	0.96	0.0	0.96	0.96	0.88	0.88	0.96	0.88	0.92	0.96	0.0	0.88	0.88
0.96	0.8	0.96	0.8	0.96	0.96	0.96	0.96	0.96	0.8	0.8	0.96	0.96	0.96	1.0	0.96	0.96	0.96	0.84	0.8
0.96	1.0	0.8	0.96	0.96	0.96	0.96	1.0	0.96	0.64	0.88	0.96	0.96	1.0	1.0	1.0	0.96	0.96	0.96	0.96

Simulation 15
0.0	0.0	0.52	0.76	0.0	0.0	0.0	0.0	0.76	0.0	0.92	0.0	0.0	0.0	0.0	0.82	0.0	0.0	0.0	0.7
0.92	0.76	0.92	0.0	0.92	0.0	0.82	0.84	0.56	0.82	0.0	0.7	0.76	0.82	0.92	0.74	0.56	0.76	0.82	0.88
0.92	0.88	0.92	0.92	0.92	0.92	0.92	0.92	0.92	0.92	0.0	0.92	0.92	0.92	0.92	0.0	0.92	0.84	0.92	0.64
0.72	0.92	0.92	0.92	0.92	0.88	0.64	0.0	0.92	0.92	0.92	0.84	0.84	0.92	0.92	0.92	0.92	0.7	0.92	0.92
0.92	0.84	0.92	0.92	0.92	0.92	0.84	0.92	0.92	0.92	0.92	0.92	0.92	0.84	0.92	0.72	0.92	0.92	0.92	0.92
0.92	0.92	0.92	0.92	0.92	0.76	0.92	0.0	0.92	0.92	0.92	0.92	0.92	0.76	0.88	0.92	0.92	0.92	0.92	0.92
0.92	0.92	0.92	0.84	0.92	0.84	0.92	0.92	0.92	0.92	0.92	0.76	0.66	0.92	0.92	0.92	0.66	0.92	0.92	0.92
0.92	0.84	0.92	0.92	0.96	0.0	0.92	0.92	0.92	0.92	0.92	0.76	0.92	0.92	0.92	0.92	0.92	0.92	0.92	0.92
0.92	0.92	0.96	0.92	0.96	0.56	0.96	0.92	0.76	0.0	0.96	0.96	0.92	0.76	0.92	0.66	0.76	0.82	0.0	0.92
0.96	0.96	0.96	0.96	0.96	0.96	0.74	0.0	0.96	0.96	0.76	0.96	0.82	0.96	0.96	0.96	0.76	0.96	0.96	0.76
0.0	0.96	0.96	0.0	0.96	0.96	0.88	0.8	0.96	0.96	0.88	0.96	0.96	0.96	0.96	0.96	0.92	0.96	0.96	0.96
0.96	0.96	0.96	0.96	0.96	0.72	0.72	0.96	0.0	0.96	0.76	0.96	0.84	0.96	0.96	0.96	0.96	0.0	0.96	0.88
0.96	0.96	0.96	0.96	0.72	0.96	0.96	0.96	0.96	0.96	0.96	0.96	0.92	0.96	0.88	0.0	0.92	0.96	0.96	0.96
0.96	0.96	0.96	0.96	0.96	0.96	0.96	0.96	0.96	0.96	0.96	0.0	0.96	0.96	0.96	0.96	0.96	0.96	0.8	0.72
0.64	0.96	0.88	0.92	0.0	0.0	0.64	0.96	0.96	0.96	0.84	0.96	0.96	0.96	0.96	0.96	0.88	0.96	0.76	0.96
0.96	0.96	0.96	0.96	0.96	0.96	0.0	0.96	0.84	0.96	0.96	0.96	0.0	0.96	0.96	0.96	0.92	0.96	1.0	0.96
0.96	1.0	1.0	0.96	0.96	1.0	0.96	0.96	0.96	0.8	0.96	0.96	1.0	0.8	0.96	0.76	1.0	1.0	0.96	0.96

Simulation 16
0.0	0.52	0.0	0.0	0.64	0.76	0.0	0.0	0.0	0.0	0.72	0.64	0.0	0.0	0.0	0.72	0.0	0.0	0.0	0.32
0.72	0.72	0.84	0.84	0.72	0.72	0.72	0.8	0.0	0.84	0.0	0.84	0.72	0.72	0.72	0.72	0.0	0.72	0.72	0.0
0.84	0.76	0.84	0.84	0.84	0.84	0.0	0.84	0.0	0.84	0.84	0.84	0.0	0.84	0.84	0.84	0.84	0.84	0.84	0.84
0.0	0.84	0.76	0.84	0.84	0.84	0.84	0.84	0.84	0.0	0.84	0.84	0.84	0.84	0.0	0.84	0.92	0.84	0.84	0.76
0.84	0.84	0.84	0.0	0.92	0.92	0.84	0.0	0.84	0.84	0.84	0.76	0.84	0.0	0.92	0.0	0.0	0.84	0.92	0.84
0.92	0.92	0.92	0.92	0.92	0.84	0.92	0.92	0.92	0.88	0.92	0.92	0.88	0.0	0.92	0.92	0.0	0.92	0.88	0.92
0.92	0.92	0.92	0.92	0.92	0.92	0.0	0.92	0.92	0.92	0.92	0.92	0.92	0.92	0.84	0.92	0.92	0.92	0.92	0.92
0.88	0.92	0.92	0.84	0.92	0.92	0.92	0.92	0.0	0.92	0.92	0.0	0.0	0.92	0.92	0.92	0.92	0.92	0.92	0.92
0.92	0.92	0.92	0.88	0.92	0.92	0.92	0.92	0.92	0.92	0.92	0.92	0.92	0.92	0.92	0.92	0.92	0.92	0.92	0.92
0.92	0.92	0.92	0.92	0.92	0.92	0.92	0.92	0.76	0.92	0.0	0.92	0.92	0.92	0.92	0.92	0.92	0.92	0.92	0.92
0.92	0.92	0.92	0.92	0.92	0.92	0.92	0.92	0.0	0.84	0.92	0.92	0.92	0.92	0.92	0.92	0.92	0.92	0.92	0.92
0.88	0.76	0.76	0.92	0.92	0.92	0.92	0.92	0.92	0.92	0.92	0.92	0.92	0.92	0.84	0.92	0.88	0.0	0.92	0.92
0.92	0.76	0.92	0.92	0.84	0.92	0.92	0.92	0.92	0.92	0.92	0.84	0.92	0.92	0.92	0.92	0.92	0.92	0.92	0.92
0.92	0.92	0.92	0.92	0.0	0.92	0.92	0.88	0.84	0.92	0.92	0.92	0.92	0.92	0.92	0.92	0.92	0.92	0.92	0.92
0.92	0.92	0.92	0.92	0.0	0.92	0.92	0.92	0.92	0.92	0.0	0.92	0.0	0.92	0.92	0.92	0.92	0.92	0.92	0.92
0.92	0.92	0.0	0.92	0.92	0.0	0.92	0.92	0.92	0.92	0.92	0.92	0.92	0.92	0.76	0.0	0.92	0.0	0.0	0.92
0.92	0.92	0.88	0.84	0.92	0.92	0.92	0.92	0.92	0.92	0.88	0.92	0.84	0.92	0.92	0.84	0.92	0.92	0.92	0.92
0.92	0.92	0.92	0.92	0.92	0.92	0.92	0.92	0.92	0.92	0.92	0.0	0.92	0.92	0.92	0.84	0.84	0.92	0.92	0.92
0.0	0.92	0.92	0.84	0.84	0.92	0.0	0.92	0.88	0.92	0.92	0.92	0.0	0.92	0.0	0.92	0.88	0.92	0.92	0.0
0.92	0.0	0.92	0.0	0.92	0.92	0.92	0.0	0.76	0.0	0.92	0.0	0.84	0.92	0.92	0.92	0.76	0.0	0.0	0.92

Simulation 17
0.0	0.0	0.0	0.52	0.72	0.0	0.0	0.64	0.0	0.0	0.0	0.0	0.0	0.0	0.8	0.0	0.48	0.0	0.0	0.0
0.0	0.92	0.72	0.64	0.52	0.64	0.92	0.88	0.72	0.56	0.0	0.72	0.64	0.64	0.8	0.68	0.8	0.8	0.0	0.8
0.88	0.92	0.0	0.88	0.64	0.92	0.92	0.88	0.92	0.92	0.92	0.88	1.0	0.92	0.92	0.84	0.92	0.92	0.92	0.88
0.92	0.0	0.92	0.92	0.88	0.8	0.92	1.0	0.92	0.0	0.92	0.8	1.0	1.0	0.92	0.68	0.92	0.92	0.92	0.92

Simulation 18
0.0	0.0	0.76	0.0	0.0	0.64	0.8	0.0	0.76	0.0	0.0	0.84	0.0	0.72	1.0	0.0	0.0	0.0	0.0	0.48
0.84	0.84	0.8	0.0	0.0	0.8	0.48	0.84	0.0	0.0	0.84	0.0	0.56	0.8	0.8	0.8	0.56	0.0	0.8	1.0
1.0	1.0	0.0	0.0	1.0	1.0	1.0	0.56	0.0	0.0	0.0	0.84	0.0	0.0	0.0	0.84	0.0	0.0	1.0	0.84

Simulation 19
0.8	0.0	0.0	0.0	0.0	0.0	0.56	0.0	0.8	0.84	0.96	0.0	0.0	0.76	0.72	0.0	0.0	0.84	0.0	0.0
0.96	0.0	0.0	0.76	1.0	0.96	0.96	0.84	0.84	0.84	0.96	0.8	0.92	0.96	0.84	0.84	0.0	0.96	0.88	0.84
0.96	0.96	0.0	0.92	0.8	0.8	0.88	0.0	0.8	0.96	0.96	0.96	0.96	0.96	0.96	0.92	0.96	0.96	0.96	0.96
0.0	0.88	0.96	0.0	0.96	0.96	0.0	0.88	0.0	0.96	0.96	0.96	0.0	0.96	0.96	0.96	0.96	0.96	0.84	0.96
0.96	0.96	0.96	0.96	0.0	0.0	0.0	0.88	0.96	0.96	0.0	0.96	0.0	0.96	1.0	0.96	0.0	0.96	0.96	0.96
0.96	0.96	0.96	0.0	0.96	0.96	1.0	0.96	0.0	0.96	0.96	0.96	0.68	1.0	0.96	1.0	0.68	0.84	0.96	0.96

Simulation 20
0.0	0.74	0.8	0.0	0.0	0.0	0.0	0.0	0.0	0.0	0.52	0.52	0.0	0.0	0.0	0.76	0.0	0.88	0.0	0.0
0.0	0.8	0.76	0.0	0.88	0.88	0.76	0.76	0.8	0.76	0.8	0.76	0.84	0.76	0.76	0.88	0.0	0.76	0.88	0.76
0.88	0.0	0.76	0.96	0.88	0.0	0.7	0.88	0.6	0.88	0.0	0.88	0.88	0.88	0.96	0.88	0.0	0.88	0.0	0.88
0.88	0.96	0.96	0.96	0.96	0.88	0.96	0.96	0.96	0.0	0.96	0.0	0.88	0.96	0.96	0.88	0.88	0.96	0.96	0.96
0.88	0.0	0.96	0.96	0.96	0.96	0.96	0.72	0.0	0.0	0.96	0.0	0.96	0.0	0.96	0.64	0.96	0.0	0.96	0.88
0.92	0.96	0.72	0.0	0.96	0.96	0.96	0.96	0.88	0.8	0.96	0.88	0.96	1.0	0.96	0.0	0.88	0.72	0.96	0.96
0.96	0.96	1.0	0.96	1.0	1.0	1.0	0.96	0.92	1.0	0.96	0.96	1.0	1.0	0.96	0.0	0.96	0.76	0.96	0.96

Simulation 21
0.0	0.0	0.72	0.0	0.0	0.0	0.52	0.0	0.0	0.0	0.64	0.0	0.72	0.0	0.0	0.0	0.0	0.0	0.0	0.72
0.68	0.68	0.72	0.72	0.72	0.68	0.76	0.68	0.72	0.72	0.72	0.72	0.68	0.72	0.72	0.72	0.72	0.72	0.72	0.0
0.72	0.76	0.72	0.76	0.76	0.76	0.72	0.76	0.72	0.72	0.72	0.72	0.0	0.72	0.72	0.76	0.72	0.76	0.76	0.76
0.76	0.92	0.76	0.76	0.76	0.76	0.76	0.76	0.76	0.76	0.76	0.76	0.76	0.76	0.76	0.76	0.76	0.76	0.0	0.76
0.92	0.92	0.92	0.76	0.92	0.76	0.76	0.88	0.0	0.0	0.76	0.92	0.92	0.76	0.76	0.76	0.76	0.76	0.76	0.76
0.88	0.92	0.92	0.76	0.92	0.92	0.92	0.76	0.88	0.92	0.92	0.0	0.76	0.92	0.92	0.92	0.92	0.76	0.76	0.92
0.88	0.92	0.92	0.92	0.88	0.92	0.92	0.92	0.0	0.92	0.92	0.92	0.76	0.92	0.92	0.92	0.92	0.92	0.92	0.92
0.76	0.92	0.88	0.92	0.92	0.92	0.92	0.0	0.76	0.92	0.92	0.92	0.92	0.92	0.92	0.92	0.92	0.92	0.92	0.76
0.92	0.92	0.92	0.0	0.0	0.92	0.92	0.0	0.92	0.0	0.92	0.92	0.0	0.0	0.88	0.92	0.92	0.92	0.92	0.0
0.92	0.92	0.0	0.92	0.92	0.92	0.92	0.92	0.92	0.92	0.0	0.92	0.92	0.92	0.0	0.92	0.92	0.92	0.92	0.92
0.92	0.92	0.92	0.92	0.92	0.92	0.92	0.76	0.92	0.0	0.92	0.76	0.76	0.92	0.0	0.92	0.92	0.92	0.92	0.92
0.92	0.92	0.0	0.88	0.76	0.92	0.92	0.92	0.92	0.92	0.88	0.92	0.92	0.92	0.92	0.92	0.92	0.92	0.8	0.76
0.92	0.92	0.92	0.92	0.6	0.92	0.92	0.92	0.92	0.92	0.92	0.92	0.92	0.92	0.0	0.44	0.92	0.92	0.92	0.76
0.92	0.0	0.92	0.0	0.92	0.92	0.92	0.8	0.92	0.92	0.92	0.92	0.92	0.92	0.92	0.92	0.92	0.92	0.92	0.92
0.76	0.92	0.92	0.92	0.92	0.92	0.92	0.0	0.92	0.92	0.92	0.92	0.76	0.92	0.92	0.92	0.92	0.92	0.92	0.92
0.92	0.92	0.92	0.92	0.92	0.92	0.92	0.92	0.92	0.0	0.92	0.92	0.92	0.92	0.92	0.92	0.92	0.0	0.92	0.92
0.92	0.64	0.92	0.92	0.92	0.92	0.88	0.92	0.92	0.92	0.92	0.92	0.92	0.92	0.92	0.92	0.92	0.92	0.92	0.92
0.8	0.92	0.8	0.76	0.92	0.92	0.92	0.92	0.92	0.64	0.92	0.0	0.76	0.92	0.0	0.92	0.92	0.92	0.92	0.92
0.0	0.8	0.92	0.92	0.92	0.92	0.92	0.76	0.92	0.76	0.92	0.92	0.92	0.92	0.92	0.92	0.92	0.92	0.92	0.92
0.92	0.92	0.88	0.92	0.92	0.92	0.92	0.92	0.88	0.92	0.92	0.92	0.92	0.92	0.92	0.92	0.92	0.92	0.92	0.92

Simulation 22
0.0	0.88	0.76	0.64	0.72	0.0	0.0	0.0	0.68	0.0	0.0	0.64	0.0	0.0	0.0	0.0	0.0	0.0	0.0	0.84
0.76	0.76	0.88	0.72	0.88	0.68	0.76	0.76	0.92	0.92	0.84	0.76	0.0	0.0	0.88	0.76	0.76	0.6	0.84	0.84
0.92	0.92	0.88	0.92	0.6	0.0	0.88	0.92	0.88	0.0	0.88	0.92	0.6	0.88	0.84	0.92	0.84	0.64	0.8	0.88
0.92	0.92	0.92	0.92	0.88	0.92	0.92	0.92	0.84	0.92	0.92	0.92	0.92	0.6	0.92	0.68	0.0	0.92	0.88	0.92
0.84	0.92	0.92	0.92	0.92	0.92	0.92	0.92	0.92	0.92	0.92	0.92	0.92	0.84	0.92	0.92	0.92	0.88	0.92	0.92
0.92	0.0	0.92	0.92	0.92	0.92	0.92	0.92	0.92	0.92	0.92	0.92	0.92	0.92	0.92	0.92	0.92	0.0	0.92	0.92
0.0	0.0	0.92	0.6	0.92	0.92	0.92	0.84	0.92	0.84	0.92	0.92	0.92	0.92	0.92	0.92	0.92	0.0	0.92	0.92
0.0	0.92	0.92	0.92	0.92	0.92	0.92	0.72	0.92	0.92	0.92	0.92	0.92	0.92	0.92	0.92	0.96	0.92	0.92	0.92
0.92	0.68	0.92	0.92	0.92	0.92	0.96	0.0	0.0	0.96	0.92	0.92	0.92	0.92	0.92	0.82	0.92	0.92	0.92	0.92
0.96	0.96	0.92	0.92	0.0	0.96	0.96	0.0	0.92	0.96	0.96	0.96	0.92	0.96	0.96	0.96	0.92	0.96	0.96	0.96
0.96	0.96	0.96	0.96	0.68	0.96	0.96	0.0	0.96	0.92	0.72	0.0	0.96	0.96	0.96	0.96	0.64	0.96	0.96	0.96
1.0	0.96	1.0	0.0	0.96	0.96	0.96	0.96	0.96	0.96	0.8	0.96	0.0	0.96	0.96	0.96	0.96	0.96	0.96	1.0

Simulation 23
0.0	0.0	0.0	0.0	0.0	0.0	0.0	0.0	0.8	0.0	0.6	0.0	0.0	0.0	0.0	0.0	0.0	0.0	0.0	0.56
0.6	0.78	0.0	0.56	0.0	0.56	0.56	0.78	0.0	0.64	0.56	0.56	0.6	0.52	0.0	0.0	0.56	0.52	0.52	0.0
0.0	0.64	0.78	0.64	0.78	0.78	0.78	0.78	0.78	0.78	0.64	0.64	0.78	0.82	0.0	0.0	0.64	0.82	0.78	0.78
1.0	0.78	0.82	0.82	0.82	0.82	0.82	0.78	0.82	0.78	0.82	0.82	0.82	0.78	0.78	1.0	0.78	0.64	1.0	0.0

Simulation 24
0.0	0.0	0.52	0.76	0.92	0.0	0.0	0.64	0.84	0.0	0.0	0.0	0.76	0.0	0.0	0.0	0.0	0.0	0.0	0.64
0.92	0.0	0.76	0.76	0.76	0.0	0.76	0.92	0.92	0.0	0.0	0.84	0.92	0.92	0.0	0.8	0.88	0.0	0.84	0.76
0.0	0.92	0.92	0.92	0.92	0.92	0.84	0.84	0.92	0.84	0.92	0.92	0.92	0.92	0.92	0.92	0.0	0.92	0.64	0.92
0.0	0.92	0.92	0.92	0.92	0.84	0.92	0.92	0.92	0.92	0.92	0.92	0.92	0.92	0.92	0.92	0.92	0.0	0.92	0.92
0.76	0.92	0.92	0.92	0.92	0.84	0.92	0.92	0.92	0.92	0.92	0.92	0.92	0.92	0.0	0.92	0.92	0.92	0.92	0.92
0.92	0.92	0.92	0.92	0.92	0.92	0.92	0.92	0.92	0.92	0.0	0.92	0.92	0.76	0.92	0.92	0.92	0.76	0.92	0.92
0.92	0.76	0.92	0.92	0.0	0.92	0.92	0.84	0.92	0.92	0.92	0.92	0.92	0.92	0.92	0.92	0.92	0.92	0.92	0.92
0.92	0.92	0.76	0.92	0.76	0.76	0.92	0.92	0.92	0.92	0.0	0.92	0.92	0.92	0.92	0.92	0.92	0.0	0.92	0.92
0.92	0.84	0.92	0.92	0.92	0.84	0.92	0.92	0.92	0.92	0.92	0.88	0.84	0.88	0.92	0.92	0.84	0.88	0.92	0.92
0.92	0.88	0.0	0.92	0.92	0.92	0.92	0.92	0.92	0.88	0.8	0.92	0.92	0.92	0.88	0.84	0.92	0.92	0.92	0.92
0.92	0.92	0.92	0.92	0.76	0.92	0.92	0.0	0.92	0.92	0.92	0.92	0.92	0.92	0.92	0.92	0.92	0.92	0.92	0.92
0.88	0.92	0.92	0.0	0.92	0.84	0.88	0.92	0.88	0.92	0.76	0.92	0.92	0.92	0.0	0.92	0.92	0.76	0.92	0.76
0.92	0.92	0.92	0.0	0.92	0.92	0.92	0.0	0.92	0.92	0.0	0.92	0.92	0.0	0.92	0.0	0.92	0.92	0.76	0.92
0.92	0.92	0.0	0.88	0.92	0.76	0.92	0.92	0.76	0.8	0.88	0.92	0.84	0.92	0.92	0.92	0.92	0.84	0.88	0.92
0.92	0.92	0.92	0.88	0.88	0.92	0.92	0.88	0.92	0.92	0.92	0.76	0.92	0.92	0.92	0.0	0.92	0.92	0.92	0.92
0.92	0.92	0.92	0.92	0.0	0.8	0.92	0.92	0.92	0.92	0.92	0.92	0.92	0.92	0.0	0.92	0.7	0.92	0.88	0.92
0.92	0.92	0.92	0.92	0.0	0.92	0.92	0.92	0.92	0.84	0.92	0.92	0.84	0.92	0.92	0.92	0.96	0.92	0.92	0.92
0.96	0.96	0.92	0.96	0.84	0.92	0.92	0.96	0.96	0.92	0.92	0.92	0.96	0.92	0.96	0.92	0.92	0.96	0.92	0.0
0.96	0.96	0.96	0.96	0.96	0.96	0.96	0.96	0.96	0.96	0.76	0.88	0.96	0.88	0.96	0.96	0.76	0.72	0.96	0.96
0.96	0.96	0.96	0.96	0.96	0.96	0.92	0.92	0.96	0.76	0.96	0.0	0.96	0.96	0.96	0.88	0.96	0.88	0.96	0.88

Simulation 25
0.0	0.64	0.0	0.0	0.0	0.0	0.68	0.0	0.64	0.0	0.0	0.0	0.0	0.0	0.88	0.0	0.76	0.78	0.0	0.8
0.78	0.88	0.72	0.8	0.78	0.72	0.8	0.78	0.84	0.8	0.88	0.78	0.88	0.72	0.0	0.88	0.0	0.0	0.8	0.78
0.88	0.88	0.88	0.88	0.72	0.88	0.88	0.88	0.0	0.88	0.88	0.88	0.88	0.88	0.88	0.88	0.88	0.88	0.88	0.88
0.0	0.88	0.88	0.88	0.88	0.88	0.88	0.88	0.8	0.8	0.88	0.8	0.88	0.88	0.8	0.72	0.88	0.88	0.88	0.88
0.84	0.88	0.88	0.88	0.88	0.0	0.88	0.92	0.88	0.88	0.88	0.88	0.88	0.88	0.88	0.0	0.88	0.88	0.88	0.8
0.88	0.92	0.92	0.92	0.88	0.92	0.92	0.92	0.88	0.92	0.88	0.72	0.92	0.88	0.92	0.84	0.84	0.88	0.92	0.92
0.92	0.92	0.88	0.84	0.92	0.92	0.92	0.84	0.66	0.0	0.92	0.0	0.0	0.92	0.92	0.92	0.92	0.84	0.0	0.92
0.92	0.8	0.92	0.84	0.92	0.92	0.84	0.92	0.92	0.84	0.8	0.92	0.92	0.92	0.0	0.92	0.92	0.0	0.92	0.92
0.92	0.92	0.92	0.0	0.92	0.0	0.92	0.0	0.92	0.92	0.92	0.76	0.92	0.92	0.0	0.92	0.92	0.0	0.92	0.84
0.92	0.92	0.92	0.92	0.92	0.92	0.88	0.92	0.92	0.92	0.92	0.92	0.92	0.92	0.84	0.92	0.92	0.0	0.0	0.92
0.0	0.92	0.92	0.92	0.92	0.92	0.88	0.76	0.8	0.92	0.92	0.92	0.92	0.92	0.92	0.92	0.92	0.92	0.92	0.92
0.92	0.92	0.92	0.92	0.0	0.88	0.88	0.88	0.92	0.0	0.92	0.0	0.92	0.84	0.92	0.92	0.92	0.92	0.92	0.92
0.92	0.92	0.92	0.0	0.0	0.92	0.88	0.92	0.92	0.92	0.0	0.92	0.92	0.92	0.92	0.92	0.92	0.7	0.92	0.88
0.92	0.92	0.92	0.0	0.92	0.92	0.92	0.92	0.92	0.84	0.92	0.88	0.92	0.84	0.92	0.92	0.92	0.92	0.92	0.92
0.92	0.92	0.92	0.92	0.92	0.92	0.84	0.92	0.92	0.92	0.92	0.92	0.84	0.92	0.92	0.92	0.92	0.92	0.92	0.92
0.92	0.84	0.92	0.92	0.92	0.92	0.92	0.92	0.92	0.92	0.92	0.92	0.92	0.92	0.92	0.0	0.88	0.92	0.92	0.92
0.92	0.92	0.92	0.92	0.88	0.92	0.84	0.92	0.84	0.88	0.92	0.92	0.92	0.92	0.92	0.92	0.88	0.0	0.0	0.92
0.92	0.92	0.92	0.92	0.88	0.0	0.92	0.92	0.92	0.88	0.92	0.92	0.88	0.76	0.92	0.92	0.92	0.84	0.92	0.92
0.92	0.92	0.92	0.0	0.92	0.92	0.84	0.92	0.0	0.92	0.92	0.92	0.84	0.92	0.0	0.92	0.0	0.92	0.0	0.92
0.92	0.0	0.92	0.92	0.92	0.88	0.92	0.92	0.92	0.92	0.92	0.84	0.92	0.0	0.84	0.92	0.92	0.7	0.92	0.88

Simulation 26
0.0	0.48	0.0	0.0	0.88	0.0	0.92	0.0	0.0	0.0	0.92	0.56	0.0	0.0	0.0	0.0	0.0	0.0	0.0	0.0
0.0	0.88	0.0	0.92	0.92	0.92	0.92	0.92	0.76	0.0	0.96	0.92	0.72	0.0	0.0	0.92	0.92	0.76	0.92	0.92
0.92	0.74	0.92	0.72	0.76	0.92	0.52	0.76	0.0	0.92	0.88	0.72	0.92	0.0	0.92	0.48	0.0	0.92	0.0	0.92
0.92	0.92	0.92	0.0	0.92	0.84	0.84	0.92	0.92	0.92	0.92	0.92	0.84	0.92	0.92	0.92	0.92	0.92	0.92	0.92
0.92	0.0	0.92	0.92	0.92	0.0	0.92	0.92	0.92	0.92	0.92	0.92	0.92	0.92	0.92	0.92	0.88	0.0	0.92	0.92
0.92	0.92	0.92	0.88	0.92	0.92	0.92	0.92	0.92	0.92	0.92	0.0	0.92	0.92	0.84	0.92	0.92	0.92	0.92	0.92
0.92	0.92	0.92	0.92	0.76	0.92	0.92	0.6	0.0	0.92	0.92	0.92	0.92	0.92	0.92	0.92	0.0	0.56	0.92	0.92
0.92	0.92	0.8	0.92	0.92	0.92	0.84	0.92	0.92	0.92	0.92	0.92	0.92	0.0	0.6	0.8	0.92	0.92	0.92	0.92
0.92	0.92	0.8	0.92	0.92	0.92	0.92	0.0	0.88	0.92	0.92	0.92	0.92	0.92	0.92	0.92	0.92	0.92	0.92	0.92
0.0	0.0	0.0	0.92	0.92	0.88	0.92	0.92	0.92	0.92	0.92	0.84	0.0	0.92	0.84	0.92	0.92	0.92	0.92	0.92
0.92	0.92	0.88	0.92	0.92	0.92	0.92	0.92	0.92	0.84	0.92	0.92	0.92	0.92	0.92	0.92	0.92	0.92	0.84	0.92
0.92	0.92	0.92	0.92	0.92	0.92	0.92	0.92	0.92	0.88	0.92	0.92	0.92	0.92	0.92	0.92	0.92	0.92	0.92	0.92
0.92	0.92	0.92	0.92	0.92	0.92	0.92	0.0	0.92	0.92	0.92	0.92	0.92	0.84	0.92	0.92	0.92	0.92	0.92	0.92
0.92	0.92	0.92	0.92	0.84	0.92	0.92	0.92	0.92	0.92	0.92	0.0	0.92	0.92	0.84	0.92	0.0	0.0	0.92	0.0
0.92	0.84	0.92	0.92	0.84	0.84	0.92	0.92	0.92	0.92	0.0	0.92	0.88	0.0	0.92	0.0	0.0	0.92	0.92	0.0
0.92	0.92	0.92	0.92	0.92	0.8	0.92	0.92	0.92	0.8	0.92	0.92	0.0	0.0	0.92	0.92	0.0	0.88	0.92	0.0
0.92	0.92	0.92	0.92	0.84	0.92	0.92	0.92	0.92	0.92	0.92	0.0	0.92	0.88	0.92	0.92	0.92	0.92	0.92	0.92
0.92	0.92	0.92	0.92	0.92	0.92	0.92	0.92	0.84	0.92	0.92	0.92	0.8	0.92	0.88	0.0	0.0	0.92	0.92	0.88
0.92	0.92	0.92	0.92	0.92	0.88	0.92	0.92	0.92	0.92	0.88	0.92	0.84	0.92	0.92	0.84	0.92	0.92	0.92	0.92
0.84	0.84	0.92	0.92	0.92	0.0	0.92	0.84	0.84	0.92	0.92	0.92	0.92	0.92	0.84	0.92	0.92	0.92	0.92	0.92

Simulation 27
0.4	0.0	0.0	0.0	0.76	0.64	0.8	0.68	0.0	0.68	0.0	0.0	0.0	0.0	0.84	0.92	0.52	0.0	0.0	0.52
0.76	0.84	0.0	0.92	0.0	0.84	0.0	0.0	0.92	0.8	0.92	0.84	0.92	0.88	0.0	0.72	0.92	0.84	0.84	0.84
0.92	0.92	0.92	0.0	0.92	0.76	0.92	0.92	0.92	0.76	0.0	0.92	0.92	0.92	0.92	0.92	0.0	0.92	0.92	0.92
0.0	0.92	0.88	0.92	0.92	0.92	0.92	0.62	0.92	0.92	0.92	0.0	0.92	0.92	0.92	0.92	0.76	0.92	0.0	0.92
0.92	0.0	0.92	0.92	0.92	0.0	0.92	0.92	0.92	0.92	0.88	0.92	0.92	0.92	0.92	0.8	0.92	0.92	0.0	0.92
0.92	0.92	0.0	0.92	0.92	0.92	0.76	0.92	0.92	0.92	0.92	0.76	0.92	0.0	0.92	0.0	0.92	0.92	0.92	0.92
0.92	0.92	0.92	0.84	0.92	0.0	0.0	0.92	0.76	0.92	0.92	0.92	0.92	0.92	0.0	0.92	0.92	0.92	0.92	0.0
0.92	0.92	0.0	0.92	0.92	0.92	0.92	0.92	0.92	0.92	0.92	0.92	0.0	0.92	0.92	0.92	0.92	0.92	0.8	0.92
0.92	0.92	0.92	0.92	0.92	0.92	0.92	0.92	0.92	0.8	0.92	0.84	0.0	0.92	0.92	0.92	0.66	0.92	0.92	0.0
0.92	0.92	0.92	0.92	0.84	0.92	0.92	0.92	0.92	0.8	0.8	0.92	0.92	0.92	0.92	0.92	0.92	0.92	0.92	0.92
0.92	0.0	0.84	0.0	0.8	0.92	0.92	0.92	0.92	0.92	0.84	0.92	0.92	0.92	0.84	0.92	0.0	0.92	0.8	0.92
0.92	0.0	0.92	0.0	0.0	0.92	0.92	0.92	0.84	0.84	0.92	0.0	0.0	0.92	0.92	0.92	0.92	0.92	0.92	0.92
0.92	0.92	0.92	0.92	0.0	0.92	0.92	0.84	0.92	0.92	0.92	0.92	0.84	0.92	0.92	0.92	0.92	0.0	0.92	0.92
0.92	0.92	0.92	0.92	0.96	0.92	0.84	0.52	0.92	0.92	0.92	0.96	0.84	0.84	0.92	0.92	0.92	0.92	0.92	0.0
0.74	0.92	0.92	0.96	0.0	0.96	0.96	0.92	0.96	0.96	0.0	0.92	0.92	0.8	0.96	0.66	0.7	0.96	0.84	0.84
0.96	0.96	0.96	0.88	0.96	0.96	0.96	0.96	0.88	0.96	0.96	0.96	0.96	0.96	0.96	0.0	0.96	0.0	0.96	0.96
0.0	0.96	0.96	0.96	0.96	0.96	0.96	0.96	0.96	0.96	0.96	0.96	0.88	0.96	0.96	0.96	0.0	0.96	0.96	0.96
0.96	0.96	0.0	0.88	0.0	0.96	0.96	0.0	0.8	0.96	0.92	0.96	0.96	0.0	0.96	0.0	0.96	0.96	0.96	0.0
0.0	0.52	0.8	0.92	0.84	0.96	0.96	0.96	0.96	0.96	0.96	0.0	0.96	0.96	0.96	0.0	0.96	0.96	0.96	0.0
0.0	0.0	0.96	0.96	0.96	0.96	0.92	0.96	0.96	0.96	0.96	0.96	0.0	0.96	0.0	0.96	0.96	0.96	0.96	0.96

Simulation 28
0.0	0.0	0.0	0.0	0.8	0.72	0.0	0.8	0.72	0.0	0.56	0.64	0.0	0.0	0.52	0.0	0.0	0.0	0.48	0.66
0.0	0.68	0.64	0.8	0.88	0.72	0.72	0.84	0.68	0.72	0.0	0.0	0.64	0.0	0.0	0.72	0.0	0.0	0.8	0.72
0.84	0.8	0.76	0.88	0.88	0.84	0.84	0.8	0.0	0.84	0.84	0.8	0.88	0.8	0.72	0.84	0.84	0.92	0.76	0.8
0.88	0.52	0.92	0.92	0.88	0.0	0.88	0.92	0.92	0.84	0.88	0.72	0.84	0.88	0.84	0.92	0.88	0.92	0.0	0.96
0.96	0.8	0.92	0.96	0.92	0.92	0.96	0.92	0.96	1.0	0.92	0.92	0.92	0.92	0.92	0.96	0.8	0.72	0.92	0.0
0.0	0.88	0.76	0.8	0.0	0.0	0.96	1.0	0.96	0.96	0.8	0.8	0.96	1.0	0.8	0.96	0.74	0.96	0.96	1.0

Simulation 29
0.0	0.0	0.0	0.0	0.0	0.68	0.0	0.8	0.84	0.0	0.0	0.0	0.0	0.68	0.0	0.6	0.0	0.0	0.0	0.0
0.8	0.64	0.68	0.84	0.8	0.0	0.76	0.84	0.8	0.68	0.8	0.8	0.0	0.0	0.84	0.84	0.8	0.72	0.84	0.84
0.84	0.84	0.92	0.84	0.84	0.84	0.84	0.84	0.84	0.84	0.84	0.84	0.84	0.84	0.84	0.84	0.84	0.84	0.84	0.84
0.88	0.84	0.84	0.84	0.92	0.84	0.92	0.92	0.84	0.92	0.84	0.84	0.76	0.0	0.84	0.92	0.84	0.84	0.84	0.92
0.92	0.0	0.92	0.92	0.92	0.92	0.92	0.92	0.84	0.92	0.92	0.92	0.92	0.92	0.84	0.92	0.92	0.0	0.0	0.92
0.92	0.92	0.92	0.92	0.8	0.92	0.92	0.92	0.84	0.92	0.92	0.92	0.92	0.84	0.92	0.92	0.76	0.92	0.92	0.0
0.92	0.84	0.92	0.92	0.92	0.92	0.84	0.92	0.0	0.92	0.92	0.92	0.92	0.92	0.92	0.76	0.92	0.92	0.0	0.8
0.92	0.92	0.92	0.0	0.92	0.92	0.84	0.92	0.92	0.92	0.0	0.92	0.92	0.92	0.92	0.92	0.92	0.92	0.92	0.92
0.92	0.92	0.0	0.92	0.0	0.92	0.92	0.92	0.92	0.84	0.92	0.84	0.92	0.92	0.92	0.92	0.0	0.92	0.92	0.6
0.92	0.92	0.84	0.92	0.92	0.92	0.92	0.92	0.92	0.92	0.92	0.92	0.92	0.92	0.96	0.92	0.92	0.92	0.92	0.92
0.92	0.92	0.92	0.92	0.96	0.92	0.0	0.96	0.96	0.92	0.0	0.92	0.96	0.96	0.92	0.92	0.88	0.96	0.72	0.96
0.96	0.0	0.96	0.96	0.96	0.96	0.96	0.0	0.88	0.96	0.0	0.96	0.96	0.0	0.96	0.88	0.96	0.92	0.96	0.96
0.96	0.96	0.92	0.64	0.96	0.96	0.96	0.96	0.96	0.0	0.96	0.96	0.96	0.0	0.96	0.96	0.96	0.96	0.96	0.0
0.96	0.96	0.0	0.96	0.96	0.96	0.96	0.88	0.96	0.96	0.96	0.72	0.92	0.96	0.96	0.88	0.92	0.96	0.6	0.96
0.68	0.84	0.96	0.0	0.96	0.96	0.96	0.96	0.96	0.96	0.84	0.0	0.84	0.96	0.92	0.96	0.96	0.96	0.96	0.96
0.96	0.96	0.96	0.72	0.96	0.96	0.92	0.96	0.72	0.0	0.96	0.96	0.64	0.96	0.96	0.64	0.96	0.96	0.96	0.84
0.84	0.96	0.96	0.72	0.96	0.64	0.0	0.0	0.96	0.96	0.96	0.76	0.96	0.96	0.0	0.88	0.96	0.96	0.96	0.68
0.96	0.96	0.96	0.96	0.76	0.96	0.96	0.0	0.96	0.96	0.0	0.84	0.96	0.96	0.96	0.96	0.96	0.96	0.96	0.76
0.96	0.96	0.96	0.88	0.96	0.96	0.96	0.68	0.96	0.96	0.0	0.96	0.96	0.96	0.0	0.96	0.96	0.96	0.72	0.96
0.96	0.96	0.0	0.96	0.96	0.0	0.64	0.96	0.96	0.0	0.96	0.96	0.96	0.0	0.96	0.96	0.96	0.96	0.96	0.96

Simulation 30
0.0	0.0	0.0	0.0	0.72	0.0	0.0	0.8	0.92	0.0	0.92	0.0	0.0	0.0	0.0	0.0	0.0	0.84	0.0	0.0
0.84	0.84	0.92	0.92	0.92	0.92	0.84	0.84	0.88	0.92	0.92	0.84	0.84	0.92	0.92	0.92	0.0	0.92	0.92	0.84
0.92	0.92	0.92	0.92	0.92	0.92	0.92	0.76	0.92	0.92	0.92	0.88	0.92	0.92	0.92	0.92	0.92	0.92	0.88	0.84
0.92	0.92	0.92	0.92	0.92	0.92	0.92	0.92	0.92	0.92	0.92	0.92	0.92	0.0	0.92	0.92	0.92	0.8	0.92	0.92
0.92	0.92	0.92	0.76	0.0	0.92	0.92	0.92	0.8	0.92	0.92	0.92	0.92	0.92	0.92	0.0	0.92	0.92	0.92	0.92
0.0	0.0	0.92	0.84	0.92	0.92	0.0	0.0	0.92	0.92	0.92	0.76	0.0	0.92	0.92	0.8	0.92	0.92	0.92	0.0
0.92	0.76	0.0	0.92	0.92	0.92	0.8	0.92	0.92	0.92	0.92	0.92	0.92	0.92	0.92	0.92	0.92	0.88	0.92	0.92
0.92	0.92	0.92	0.92	0.8	0.92	0.92	0.92	0.92	0.92	0.92	0.92	0.92	0.76	0.92	0.92	0.92	0.92	0.96	0.92
0.84	0.8	0.92	0.76	0.96	0.96	0.96	0.76	0.92	0.96	0.76	0.92	0.92	0.92	0.92	0.84	0.92	0.92	0.92	0.76
0.96	0.96	0.96	0.96	0.96	0.96	0.96	0.96	0.96	0.96	0.0	0.96	0.0	0.96	0.92	0.8	0.92	0.96	0.96	0.92
0.0	0.96	0.84	0.96	0.96	0.96	0.0	0.96	0.96	0.96	0.96	0.8	0.96	0.96	0.96	0.8	0.96	0.0	0.0	0.96
0.8	0.0	0.96	0.96	0.8	0.92	0.96	0.92	0.96	0.96	0.0	0.96	0.96	0.96	0.96	0.96	0.96	0.96	0.0	0.96
0.96	0.96	0.84	0.96	0.0	0.96	0.8	0.0	0.0	0.96	0.0	0.96	0.96	0.0	0.0	0.0	0.0	0.0	0.96	0.8
0.68	0.0	0.96	0.0	0.96	0.8	0.96	0.96	0.92	0.0	0.88	0.96	0.96	0.96	0.92	0.84	0.96	0.0	0.0	0.96
0.84	0.96	0.92	0.96	0.96	0.8	0.96	0.96	0.96	0.0	0.96	0.96	0.88	0.8	0.96	0.96	0.76	0.96	0.96	0.96
0.96	0.96	0.96	0.0	0.8	0.96	0.0	0.96	0.96	0.96	0.96	0.0	0.8	0.8	0.96	0.84	0.96	0.92	0.96	0.96
0.0	0.96	0.92	0.96	0.0	0.0	0.96	0.96	0.96	0.96	0.0	0.96	0.0	0.8	0.96	0.0	0.0	0.92	0.96	0.96
0.0	0.96	0.96	0.96	0.96	0.96	0.0	0.96	0.0	0.96	0.96	0.96	0.96	0.0	0.96	0.74	0.96	0.96	1.0	0.0
0.0	0.96	0.96	0.0	0.0	0.96	0.8	0.0	0.96	0.96	0.96	0.96	0.96	0.96	0.0	0.0	0.96	0.96	0.96	0.96
0.8	0.92	0.96	0.96	0.96	0.96	0.88	0.96	0.96	0.96	0.0	0.96	0.96	0.96	0.96	0.96	0.96	0.0	0.92	0.96

Simulation 31
0.6	0.0	0.0	0.0	0.0	0.0	0.0	0.52	0.0	0.0	0.64	0.0	0.0	0.0	0.0	0.72	0.7	0.0	0.0	0.72
0.0	0.88	0.72	0.84	0.72	0.72	0.8	0.72	0.68	0.88	0.68	0.8	0.7	0.0	0.52	0.7	0.72	0.0	0.72	0.72
0.8	0.62	0.92	0.76	0.74	0.88	0.7	0.88	0.88	0.84	0.88	0.88	0.84	0.88	0.88	0.7	0.8	0.0	0.84	0.88
0.0	0.88	1.0	0.7	0.88	0.88	0.88	0.88	1.0	0.92	0.8	0.88	0.0	0.88	0.88	1.0	0.8	0.7	0.88	0.92

Simulation 32
0.48	0.0	0.0	0.0	0.0	0.0	0.0	0.0	0.6	0.88	0.76	0.0	0.0	0.0	0.64	0.88	0.84	0.6	0.0	0.72
0.88	0.84	0.8	0.8	0.88	0.76	0.88	0.84	0.72	0.72	0.88	0.0	0.68	0.92	0.92	0.84	0.88	0.88	0.88	0.88
0.92	0.88	0.92	0.92	0.8	0.0	0.92	0.92	0.92	0.88	0.92	0.92	0.88	0.88	0.92	0.88	0.92	0.92	0.92	0.88
0.92	0.92	0.92	0.92	0.92	0.84	0.92	0.92	0.92	0.88	0.0	0.92	0.92	0.92	0.92	0.92	0.84	0.92	0.92	0.0
0.92	0.92	0.88	0.92	0.92	0.92	0.92	0.92	0.88	0.92	0.92	0.92	0.92	0.92	0.92	0.92	0.92	0.92	0.92	0.0
0.92	0.92	0.92	0.84	0.92	0.92	0.88	0.92	0.92	0.88	0.92	0.92	0.92	0.92	0.92	0.92	0.92	0.84	0.92	0.92
0.0	0.92	0.0	0.92	0.92	0.92	0.92	0.92	0.92	0.92	0.84	0.92	0.92	0.92	0.92	0.92	0.92	0.92	0.92	0.92
0.92	0.92	0.92	0.92	0.92	0.92	0.92	0.92	0.84	0.92	0.92	0.92	0.92	0.92	0.0	0.92	0.92	0.92	0.84	0.96
0.64	0.92	0.92	0.96	0.0	0.96	0.92	0.92	0.92	0.92	0.88	0.96	0.92	0.92	0.84	0.92	0.92	0.92	0.92	0.88
0.88	0.96	0.96	0.96	0.96	0.88	0.96	0.92	0.96	0.96	0.72	0.96	0.96	0.96	0.96	0.76	0.96	0.72	0.96	0.96
0.88	0.96	0.0	0.88	0.92	0.96	0.96	0.96	0.96	0.96	0.96	0.92	0.96	0.96	0.96	1.0	0.8	0.96	0.96	0.96
1.0	0.96	0.88	1.0	0.96	0.8	0.96	1.0	0.96	0.96	0.96	0.8	1.0	0.96	0.8	0.96	0.96	0.92	1.0	0.96

Simulation 33
0.0	0.4	0.6	0.0	0.0	0.72	0.0	0.0	0.0	0.72	0.0	0.0	0.32	0.0	0.0	0.0	0.0	0.0	0.0	0.8
0.8	0.8	0.72	0.84	0.72	0.72	0.8	0.0	0.8	0.8	0.68	0.64	0.8	0.0	0.0	0.72	0.88	0.76	0.0	0.0
0.8	0.88	0.88	0.0	0.88	0.84	0.8	0.84	0.84	0.8	0.8	0.8	0.8	0.88	0.88	0.8	0.84	0.8	0.88	0.84
1.0	0.88	0.88	0.88	0.88	1.0	0.0	0.88	0.88	0.8	0.88	0.88	0.88	0.0	0.0	0.8	0.88	0.0	0.88	0.88
0.0	0.88	0.88	0.88	1.0	0.0	1.0	1.0	0.0	1.0	0.0	0.0	1.0	0.0	0.8	0.88	0.56	0.8	0.76	0.76

Simulation 34
0.0	0.0	0.0	0.68	0.0	0.0	0.84	0.68	0.84	0.0	0.0	0.64	0.0	0.0	0.0	0.0	0.76	0.76	0.0	0.6
0.84	0.72	0.84	0.78	0.76	0.0	0.0	0.76	0.96	0.76	0.76	0.84	0.96	0.6	0.0	0.76	0.84	0.84	0.7	0.6
0.0	0.96	0.96	0.96	0.84	0.96	0.96	0.96	0.96	0.84	0.96	0.84	0.68	0.96	0.84	0.84	0.96	0.0	0.0	0.0
0.96	0.96	0.0	0.96	0.96	0.8	0.96	0.96	0.96	0.0	0.96	0.96	0.78	0.0	0.0	0.96	0.96	0.6	0.96	0.96
0.96	0.96	0.96	0.6	0.0	0.0	0.96	0.96	0.0	0.96	0.96	0.96	0.96	0.96	0.96	0.96	0.96	0.0	0.96	0.96
0.96	0.92	0.96	0.96	0.96	0.96	0.84	0.96	0.0	0.0	0.96	0.96	0.96	0.96	0.96	0.96	0.96	0.96	0.96	0.96
0.96	0.96	0.96	0.96	0.0	0.0	0.96	0.0	0.0	0.84	0.96	0.0	0.96	0.92	0.96	0.0	0.96	0.96	0.96	0.96
0.96	0.96	0.96	0.96	0.96	0.0	0.0	0.96	0.96	0.96	0.96	0.0	0.96	0.96	0.78	0.96	0.96	0.92	0.96	0.96
0.92	0.96	0.78	0.96	0.0	0.96	0.0	0.96	0.96	0.0	0.96	0.96	0.96	0.78	0.96	0.88	0.0	0.6	0.96	0.96
0.92	0.96	0.96	0.72	0.96	0.84	0.96	0.96	0.96	0.96	0.96	0.96	0.0	0.0	0.0	0.0	0.96	0.0	0.96	0.96
0.96	0.96	0.96	0.0	0.96	0.96	0.0	0.96	0.96	0.0	0.96	1.0	0.96	0.0	0.96	0.96	0.0	1.0	0.96	0.96
0.84	1.0	1.0	0.96	1.0	1.0	1.0	1.0	1.0	1.0	1.0	0.96	0.88	0.0	1.0	1.0	0.96	1.0	0.0	1.0

Simulation 35
0.92	0.0	0.0	0.0	0.52	0.72	0.0	0.0	0.0	0.0	0.8	0.0	0.92	0.0	0.0	0.0	0.0	0.76	0.0	0.0
0.92	0.64	0.76	0.72	0.92	0.0	0.0	0.92	0.92	0.92	0.0	0.0	0.0	0.92	0.8	0.8	0.96	0.72	0.88	0.64
0.0	0.92	0.84	0.0	0.96	0.92	0.92	0.84	0.0	0.76	0.92	0.88	0.96	0.92	0.84	0.96	0.96	0.96	0.92	0.0
0.84	0.96	0.92	0.92	0.92	0.96	0.96	0.0	0.96	0.72	0.96	0.92	0.96	0.96	0.0	0.96	0.72	0.96	0.96	0.96
0.0	0.0	0.96	0.96	0.96	0.96	0.76	0.96	0.96	0.96	0.96	0.92	0.96	0.96	0.96	0.96	0.96	0.96	0.88	0.96
0.92	0.0	0.88	0.96	0.96	0.96	0.0	0.96	0.72	0.96	0.96	0.96	0.96	0.96	0.96	0.96	0.96	0.96	0.96	0.96
0.0	0.0	0.96	0.96	0.96	0.96	0.96	0.0	0.0	0.96	0.92	0.88	0.96	0.66	0.96	0.96	0.96	0.96	0.96	0.0
0.0	0.96	0.96	0.0	0.96	0.96	0.96	0.96	0.96	0.96	0.0	0.96	0.96	0.96	0.96	0.96	0.96	0.96	0.96	0.96
0.0	0.96	0.96	0.96	0.96	0.7	0.96	0.96	0.96	0.66	0.96	0.96	0.96	0.96	0.96	0.96	0.96	0.96	0.0	0.96
0.96	0.96	0.96	0.0	0.96	0.96	0.0	0.96	0.96	0.96	0.0	0.96	0.96	0.96	0.96	0.96	0.76	0.96	0.96	0.96
0.96	0.7	0.96	0.0	0.96	0.96	0.0	0.96	0.64	0.88	0.96	0.92	0.96	0.88	0.0	0.96	0.96	0.96	0.96	0.64
0.92	0.96	0.96	0.76	0.96	0.96	0.96	0.0	0.96	0.96	0.96	0.88	0.96	0.88	0.96	0.0	0.96	0.64	0.96	0.96
0.0	0.0	0.0	0.0	1.0	0.96	0.88	0.0	0.96	0.96	0.92	0.96	0.96	0.0	0.84	0.96	0.96	0.96	0.48	0.0
0.56	0.96	0.96	0.96	1.0	0.64	0.0	0.64	0.96	0.0	0.96	0.96	0.0	0.96	0.68	0.8	0.0	1.0	0.96	0.88
1.0	0.96	1.0	1.0	0.96	0.96	0.82	0.0	0.0	1.0	1.0	1.0	1.0	1.0	1.0	1.0	0.0	0.96	0.88	0.78

Simulation 36
0.0	0.0	0.0	0.84	0.92	0.0	0.84	0.0	0.0	0.0	0.52	0.0	0.0	0.0	0.52	0.72	0.0	0.0	0.72	0.72
0.84	0.84	0.84	0.84	0.0	0.8	0.72	0.84	0.76	0.84	0.84	0.84	0.84	0.92	0.84	0.92	0.84	0.84	0.96	0.88
0.96	0.92	0.96	0.92	0.84	0.96	0.0	0.8	0.96	0.92	0.96	0.92	0.96	0.92	0.0	0.96	0.0	0.84	0.92	0.96
0.92	0.96	0.0	0.96	0.96	0.96	0.96	0.96	0.84	0.96	0.96	0.92	0.0	0.96	0.96	0.96	0.96	0.96	0.96	0.88
0.96	0.96	1.0	0.8	0.96	0.8	0.8	0.96	0.96	0.0	0.96	0.0	0.8	0.96	0.96	0.96	0.96	0.96	0.96	0.96
1.0	0.96	0.0	1.0	0.0	0.76	0.0	0.96	0.96	0.92	1.0	0.96	1.0	1.0	0.96	0.0	0.0	0.96	0.84	1.0

Simulation 37
0.0	0.92	0.72	0.0	0.68	0.0	0.0	0.0	0.64	0.0	0.0	0.48	0.72	0.0	0.0	0.88	0.0	0.8	0.72	0.0
0.8	0.72	0.88	0.8	0.84	0.88	0.88	0.8	0.8	0.52	0.0	0.84	0.72	0.6	0.52	0.0	0.88	0.92	0.92	0.88
0.92	0.88	0.88	0.0	1.0	0.0	0.0	0.88	1.0	0.92	0.92	0.0	0.92	0.76	0.92	0.92	0.92	0.88	0.92	0.88
0.92	1.0	1.0	0.92	0.92	0.68	1.0	1.0	0.92	1.0	1.0	0.0	0.8	1.0	1.0	1.0	0.92	0.92	0.0	1.0

Simulation 38
0.0	0.0	0.28	0.84	0.0	0.68	0.76	0.0	0.0	0.84	0.0	0.0	0.0	0.0	0.72	0.48	0.96	0.32	0.0	0.0
0.7	0.84	0.88	0.84	0.96	0.0	0.0	0.84	0.84	0.96	0.0	0.96	0.84	0.0	0.84	0.8	0.96	0.84	0.96	0.96
0.96	0.96	0.96	0.96	0.96	0.96	0.96	1.0	0.96	0.0	0.88	0.0	0.96	0.96	0.0	0.96	0.96	0.96	1.0	0.96
1.0	0.96	1.0	1.0	1.0	1.0	0.96	1.0	1.0	0.96	0.0	0.96	1.0	0.0	0.96	1.0	1.0	1.0	0.96	1.0

Simulation 39
0.72	0.76	0.0	0.0	0.0	0.0	0.0	0.0	0.0	0.0	0.0	0.68	0.48	0.0	0.0	0.0	0.0	0.0	0.0	0.76
0.72	0.76	0.72	0.72	0.72	0.76	0.76	0.0	0.76	0.76	0.68	0.76	0.76	0.76	0.8	0.76	0.76	0.76	0.76	0.0
0.8	0.76	0.84	0.8	0.8	0.76	0.8	0.8	0.84	0.8	0.76	0.76	0.76	0.84	0.84	0.76	0.76	0.8	0.76	0.76
0.84	0.84	0.84	0.84	0.8	0.84	0.84	0.84	0.84	0.84	0.0	0.84	0.84	0.84	0.84	0.84	0.8	0.84	0.84	0.84
0.84	0.84	0.84	0.84	0.84	0.0	0.84	0.84	0.84	0.84	0.84	0.84	0.84	0.84	0.84	0.8	0.84	0.92	0.84	0.92
0.92	0.8	0.92	0.92	0.92	0.84	0.84	0.92	0.84	0.84	0.84	0.84	0.84	0.84	0.92	0.92	0.92	0.0	0.84	0.0
0.92	0.92	0.92	0.92	0.84	0.92	0.92	0.92	0.84	0.92	0.92	0.84	0.92	0.92	0.84	0.92	0.92	0.92	0.92	0.92
0.92	0.92	0.92	0.92	0.92	0.92	0.84	0.92	0.92	0.92	0.92	0.0	0.88	0.0	0.0	0.92	0.92	0.92	0.92	0.92
0.92	0.92	0.92	0.92	0.92	0.88	0.92	0.92	0.92	0.92	0.92	0.92	0.92	0.92	0.92	0.0	0.92	0.92	0.92	0.0
0.92	0.92	0.92	0.92	0.92	0.92	0.92	0.88	0.88	0.92	0.0	0.88	0.92	0.92	0.92	0.92	0.0	0.0	0.92	0.92
0.88	0.92	0.92	0.92	0.92	0.92	0.92	0.0	0.92	0.92	0.92	0.92	0.92	0.92	0.92	0.92	0.92	0.92	0.0	0.0
0.92	0.92	0.92	0.92	0.92	0.92	0.0	0.88	0.92	0.0	0.92	0.92	0.92	0.92	0.92	0.92	0.92	0.92	0.92	0.76
0.84	0.92	0.84	0.0	0.92	0.92	0.0	0.88	0.92	0.92	0.92	0.92	0.84	0.92	0.92	0.92	0.92	0.92	0.92	0.92
0.92	0.92	0.92	0.76	0.84	0.92	0.92	0.92	0.92	0.92	0.92	0.92	0.92	0.84	0.92	0.92	0.92	0.84	0.92	0.92
0.92	0.92	0.92	0.92	0.92	0.92	0.92	0.92	0.92	0.0	0.92	0.92	0.76	0.92	0.92	0.92	0.92	0.92	0.92	0.92
0.92	0.92	0.92	0.92	0.92	0.92	0.96	0.92	0.92	0.92	0.92	0.96	0.92	0.92	0.92	0.96	0.92	0.92	0.92	0.92
0.96	0.96	0.96	0.96	0.96	0.0	0.96	0.96	0.96	0.96	0.96	0.96	0.96	0.0	0.96	0.96	0.96	0.96	0.96	0.0
0.96	0.96	0.92	0.96	0.96	0.0	0.96	0.0	0.96	0.84	0.96	0.96	0.96	0.88	0.96	0.96	0.96	0.88	0.0	0.96
0.96	0.96	0.96	0.96	0.0	0.0	0.92	0.96	0.0	0.0	0.96	0.96	0.96	0.96	0.96	0.92	0.96	0.0	0.0	0.96
0.88	1.0	0.96	0.88	0.96	0.96	0.0	0.0	0.96	0.96	0.96	0.96	0.84	0.96	0.96	0.96	0.0	0.96	0.96	0.96

Simulation 40
0.8	0.0	0.0	0.84	0.52	0.0	0.68	0.0	0.0	0.84	0.56	0.92	0.0	0.0	0.0	0.0	0.0	0.56	0.0	0.0
0.84	0.84	0.84	0.84	0.0	0.72	0.92	0.84	0.92	0.84	0.84	0.84	0.84	0.84	0.92	0.84	0.84	0.84	0.84	0.92
0.92	0.92	0.92	0.92	0.84	0.92	0.92	0.92	0.92	0.92	0.92	0.92	0.92	0.92	0.92	0.92	0.92	0.88	0.92	0.92
0.92	0.92	0.92	0.84	0.92	0.92	0.92	0.92	0.92	0.92	0.92	0.8	0.92	0.88	0.92	0.0	0.92	0.96	0.84	0.0
0.88	0.96	0.88	0.92	0.92	0.96	0.96	0.84	0.96	0.96	0.92	0.92	0.84	0.92	0.92	0.0	0.92	0.96	0.96	0.88
0.96	0.96	0.96	0.92	0.96	0.0	0.88	0.88	0.92	0.88	0.96	0.96	0.92	0.96	0.92	0.96	1.0	0.88	0.92	0.0
0.96	0.96	0.92	0.96	0.96	1.0	0.0	0.96	0.96	0.96	0.92	0.92	0.0	1.0	0.96	0.96	0.88	0.96	0.96	1.0

Simulation 41
0.0	0.0	0.0	0.66	0.0	0.58	0.0	0.76	0.0	0.0	0.0	0.6	0.0	0.0	0.0	0.0	0.0	0.72	0.0	0.76
0.76	0.84	0.72	0.72	0.76	0.72	0.76	0.76	0.76	0.76	0.76	0.76	0.76	0.76	0.76	0.72	0.76	0.76	0.0	0.76
0.72	0.76	0.84	0.84	0.0	0.76	0.0	0.76	0.76	0.84	0.76	0.84	0.76	0.76	0.76	0.0	0.76	0.84	0.68	0.76
0.84	0.84	0.84	0.84	0.84	0.84	0.84	0.84	0.84	0.84	0.84	0.84	0.84	0.84	0.84	0.84	0.84	0.84	0.84	0.84
0.84	0.84	0.84	0.84	0.84	0.84	0.84	0.84	0.84	0.84	0.0	0.84	0.84	0.84	0.84	0.84	0.84	0.76	0.76	0.84
0.84	0.0	0.84	0.84	0.84	0.84	0.84	0.84	0.84	0.84	0.84	0.84	0.84	0.84	0.72	0.84	0.76	0.76	0.72	0.72
0.84	0.84	0.84	0.0	0.84	0.84	0.84	0.84	0.84	0.0	0.84	0.84	0.84	0.84	0.84	0.84	0.0	0.84	0.84	0.84
0.76	0.84	0.84	0.84	0.84	0.84	0.84	0.0	0.84	0.8	0.84	0.84	0.84	0.84	0.0	0.84	0.84	0.84	0.84	0.84
0.84	0.84	0.84	0.84	0.84	0.84	0.84	0.84	0.76	0.84	0.84	0.84	0.84	0.84	0.84	0.84	0.84	0.84	0.84	0.84
0.84	0.84	0.4	0.0	0.0	0.84	0.84	0.76	0.84	0.84	0.84	0.84	0.84	0.52	0.84	0.76	0.72	0.84	0.84	0.76
0.84	0.84	0.84	0.84	0.84	0.84	0.84	0.84	0.84	0.0	0.84	0.84	0.84	0.72	0.84	0.84	0.84	0.0	0.72	0.84
0.84	0.84	0.84	0.84	0.84	0.84	0.54	0.84	0.84	0.76	0.0	0.84	0.84	0.84	0.84	0.84	0.84	0.84	0.84	0.84
0.84	0.0	0.84	0.84	0.84	0.84	0.84	0.84	0.84	0.84	0.84	0.84	0.84	0.84	0.0	0.84	0.92	0.84	0.0	0.84
0.84	0.76	0.92	0.84	0.84	0.84	0.0	0.8	0.84	0.0	0.84	0.84	0.84	0.84	0.92	0.84	0.92	0.84	0.84	0.84
0.92	0.92	0.92	0.92	0.92	0.92	0.92	0.92	0.92	0.92	0.92	0.0	0.84	0.92	0.92	0.84	0.84	0.92	0.92	0.92
0.92	0.92	0.72	0.92	0.92	0.92	0.92	0.92	0.92	0.8	0.84	0.92	0.92	0.92	0.0	0.92	0.92	0.92	0.92	0.92
0.92	0.92	0.92	0.92	0.92	0.92	0.92	0.92	0.92	0.0	0.92	0.92	0.84	0.92	0.92	0.0	0.0	0.92	0.84	0.84
0.92	0.92	0.92	0.92	0.92	0.88	0.92	0.8	0.92	0.92	0.92	0.84	0.8	0.92	0.84	0.92	0.92	0.0	0.84	0.92
0.92	0.92	0.92	0.0	0.92	0.92	0.92	0.92	0.8	0.0	0.92	0.0	0.92	0.92	0.84	0.92	0.92	0.92	0.92	0.0
0.92	0.92	0.92	0.92	0.0	0.92	0.92	0.92	0.92	0.88	0.92	0.92	0.92	0.92	0.92	0.92	0.92	0.92	0.92	0.92

Simulation 42
0.0	0.72	0.0	0.0	0.8	0.0	0.68	0.0	0.64	0.0	0.0	0.0	0.88	0.0	0.8	0.0	0.88	0.0	0.92	0.0
0.88	0.92	0.88	0.92	0.88	0.0	0.92	0.92	0.92	0.88	0.92	0.92	0.88	0.0	0.92	0.88	0.88	0.88	0.88	0.88
0.92	0.92	0.88	0.0	0.92	0.76	0.76	0.76	0.76	0.92	0.92	0.88	0.92	0.0	0.92	0.92	0.92	0.0	0.92	0.0
0.92	0.92	0.92	0.92	0.92	0.92	0.92	0.0	0.0	0.0	0.92	0.88	0.92	0.92	0.92	0.92	0.92	0.92	0.92	0.92
0.92	0.92	0.92	0.92	0.92	0.92	0.92	0.92	0.92	0.92	0.92	0.92	0.76	0.92	0.0	0.92	0.92	0.92	0.0	0.92
0.92	0.92	0.88	0.92	0.92	0.92	0.92	0.92	0.92	0.92	0.88	0.92	0.92	0.92	0.92	0.92	0.92	0.92	0.92	0.92
0.92	0.92	0.76	0.92	0.88	0.92	0.92	0.92	0.92	0.92	0.0	0.76	0.0	0.92	0.92	0.92	0.92	0.92	0.76	0.92
0.92	0.92	0.92	0.92	0.92	0.88	0.92	0.88	0.92	0.92	0.88	0.92	0.84	0.92	0.92	0.92	0.92	0.0	0.92	0.92
0.92	0.92	0.7	0.0	0.92	0.92	0.92	0.7	0.72	0.0	0.92	0.92	0.88	0.92	0.92	0.92	0.92	0.84	0.92	0.0
0.92	0.92	0.92	0.92	0.92	0.92	0.92	0.92	0.92	0.0	0.92	0.92	0.92	0.92	0.92	0.92	0.84	0.92	0.92	0.84
0.92	0.92	0.84	0.92	0.92	0.92	0.92	0.92	0.92	0.88	0.92	0.88	0.92	0.92	0.92	0.92	0.84	0.92	0.92	0.92
0.84	0.92	0.92	0.92	0.92	0.0	0.92	0.92	0.92	0.88	0.92	0.92	0.92	0.92	0.92	0.92	0.92	0.92	0.92	0.92
0.92	0.0	0.92	0.92	0.92	0.92	0.92	0.92	0.92	0.92	0.0	0.92	0.92	0.92	0.92	0.92	0.92	0.92	0.92	0.92
0.92	0.92	0.84	0.92	0.92	0.0	0.92	0.92	0.92	0.92	0.92	0.92	0.92	0.92	0.92	0.84	0.92	0.92	0.92	0.84
0.88	0.92	0.92	0.92	0.76	0.92	0.92	0.92	0.92	0.92	0.92	0.92	0.92	0.92	0.92	0.0	0.92	0.92	0.92	0.92
0.92	0.92	0.0	0.76	0.92	0.92	0.92	0.84	0.92	0.92	0.92	0.92	0.92	0.92	0.92	0.84	0.92	0.92	0.92	0.92
0.92	0.92	0.92	0.0	0.92	0.92	0.92	0.92	0.92	0.92	0.92	0.92	0.88	0.92	0.92	0.92	0.8	0.84	0.92	0.0
0.92	0.0	0.84	0.92	0.92	0.92	0.84	0.92	0.92	0.84	0.92	0.92	0.92	0.92	0.92	0.92	0.92	0.76	0.76	0.92
0.92	0.92	0.76	0.92	0.56	0.76	0.92	0.92	0.92	0.92	0.92	0.92	0.92	0.92	0.92	0.0	0.92	0.88	0.92	0.0
0.76	0.92	0.0	0.92	0.92	0.92	0.92	0.92	0.62	0.0	0.92	0.92	0.92	0.92	0.92	0.92	0.0	0.92	0.92	0.62

Simulation 43
0.72	0.0	0.64	0.0	0.0	0.68	0.0	0.72	0.84	0.0	0.0	0.0	0.0	0.0	0.4	0.92	0.0	0.0	0.0	0.0
0.76	0.72	0.72	0.76	0.72	0.92	0.84	0.84	0.84	0.84	0.92	0.84	0.92	0.84	0.84	0.84	0.0	0.92	0.92	0.56
0.92	0.92	0.92	0.92	0.92	0.92	0.92	0.92	0.92	0.92	0.92	0.92	0.96	0.76	0.92	0.92	0.92	0.8	0.92	0.0
0.92	0.76	0.84	0.7	0.96	0.0	0.92	0.96	0.96	0.92	0.96	0.96	0.92	0.64	0.96	0.92	0.92	0.92	0.84	0.92
0.64	0.96	0.84	0.96	0.96	0.96	0.96	0.0	0.96	1.0	0.8	0.88	0.92	0.96	0.96	0.96	0.96	0.64	0.96	0.96
1.0	0.0	0.96	0.96	1.0	0.96	1.0	0.96	0.84	1.0	0.96	0.96	0.96	0.96	0.88	0.96	0.96	0.96	0.96	1.0

Simulation 44
0.0	0.56	0.52	0.0	0.7	0.0	0.0	0.0	0.0	0.8	0.8	0.0	0.68	0.72	0.68	0.8	0.0	0.88	0.48	0.72
0.0	0.8	0.8	0.88	0.0	0.8	0.8	0.88	0.8	0.8	0.72	0.8	0.8	0.88	0.8	0.8	0.8	0.8	0.8	0.88
0.72	0.88	0.8	0.88	0.92	0.0	0.88	0.88	0.88	0.88	0.88	0.0	0.88	0.88	0.88	0.0	0.88	0.88	0.72	0.88
0.88	0.88	0.72	0.0	0.8	0.76	0.88	0.88	0.88	0.88	0.88	0.88	0.88	0.92	0.92	0.64	0.8	0.92	0.72	0.92
0.92	0.92	0.92	0.76	0.92	0.92	0.8	0.92	0.92	0.76	0.64	0.92	0.84	0.92	0.52	0.92	0.92	0.76	0.92	0.92
0.76	0.76	0.92	0.92	0.92	0.76	0.92	0.92	0.92	0.92	0.0	0.92	0.76	0.92	0.8	0.0	0.92	0.92	0.92	0.92
0.76	0.92	0.92	0.92	0.92	0.92	0.92	0.92	0.92	0.92	0.92	0.92	0.92	0.92	0.92	0.0	0.6	0.92	0.96	0.76
0.0	0.92	0.96	0.92	0.92	0.96	0.0	0.92	0.64	0.92	0.0	0.92	0.96	0.92	0.96	0.72	0.96	0.92	0.6	0.8
0.96	0.72	0.82	0.0	0.96	0.0	0.72	0.0	0.96	0.96	0.96	0.96	0.0	0.96	0.96	0.96	0.96	0.96	0.96	0.0
0.96	0.96	0.76	0.96	0.88	0.96	1.0	0.0	0.96	0.96	0.88	0.96	0.92	0.92	0.96	0.96	0.84	0.96	0.0	0.96
1.0	0.92	1.0	0.96	0.96	0.96	0.96	1.0	0.96	0.76	0.96	0.0	0.68	0.0	0.96	0.0	0.96	0.84	0.96	1.0

Simulation 45
0.0	0.0	0.0	0.0	0.0	0.0	0.32	0.0	0.0	0.8	0.0	0.76	0.84	0.8	0.88	0.92	0.0	0.52	0.0	0.0
0.76	0.88	0.92	0.88	0.88	0.92	0.84	0.84	0.88	0.88	0.88	0.92	0.92	0.88	0.84	0.92	0.76	0.88	0.0	0.0
0.96	0.0	0.92	0.92	0.92	0.92	0.92	0.92	0.92	0.92	0.92	0.76	0.92	0.92	0.92	0.92	0.0	0.92	0.92	0.92
0.96	0.0	0.92	0.96	0.92	0.96	0.96	0.96	0.92	0.92	0.96	0.96	0.92	1.0	0.0	0.92	0.96	0.92	0.92	0.96
0.84	0.88	0.96	0.96	0.68	1.0	0.96	1.0	0.96	1.0	0.96	0.96	1.0	1.0	0.96	0.96	1.0	0.96	0.0	0.88

Simulation 46
0.0	0.0	0.8	0.8	0.0	0.0	0.0	0.76	0.0	0.28	0.0	0.0	0.0	0.64	0.76	0.8	0.0	0.68	0.0	0.0
0.88	0.76	0.4	0.8	0.72	0.8	0.8	0.8	0.8	0.8	0.76	0.8	0.72	0.8	0.4	0.8	0.76	0.8	0.8	0.88
0.88	0.64	0.88	0.0	0.88	0.0	0.88	0.8	0.88	0.72	0.88	0.8	0.72	0.8	0.8	0.88	0.88	0.72	0.8	0.88
0.0	0.88	0.88	0.88	0.88	0.92	0.72	0.88	0.88	0.88	0.0	0.88	0.0	0.88	0.76	0.88	0.88	0.88	0.0	0.88
0.0	0.92	0.88	0.88	0.92	0.76	0.0	0.88	0.92	0.88	0.0	0.88	0.88	0.88	0.92	0.88	0.92	0.92	0.88	0.88
0.92	0.92	0.92	0.92	0.92	0.92	0.92	0.92	0.92	0.92	0.8	0.92	0.92	0.84	0.92	0.76	0.76	0.92	0.8	0.92
0.68	0.76	0.92	0.92	0.92	0.92	0.92	0.92	0.92	0.92	0.92	0.76	0.0	0.92	0.88	0.92	0.92	0.92	0.92	0.92
0.92	0.92	0.92	0.92	0.88	0.76	0.92	0.92	0.92	0.88	0.92	0.92	0.0	0.92	0.92	0.92	0.92	0.92	0.8	0.0
0.0	0.92	0.76	0.92	0.92	0.92	0.8	0.92	0.76	0.92	0.92	0.92	0.92	0.92	0.92	0.92	0.92	0.92	0.92	0.92
0.92	0.92	0.92	0.92	0.92	0.92	0.76	0.92	0.76	0.0	0.92	0.92	0.92	0.92	0.92	0.92	0.92	0.92	0.92	0.92
0.92	0.92	0.92	0.92	0.88	0.92	0.92	0.92	0.92	0.92	0.92	0.92	0.92	0.92	0.92	0.0	0.92	0.92	0.92	0.92
0.0	0.92	0.0	0.92	0.92	0.92	0.92	0.92	0.92	0.92	0.92	0.84	0.84	0.92	0.92	0.92	0.92	0.92	0.92	0.92
0.0	0.84	0.92	0.92	0.92	0.88	0.92	0.88	0.92	0.92	0.92	0.92	0.92	0.92	0.92	0.92	0.92	0.88	0.92	0.0
0.92	0.92	0.92	0.92	0.92	0.92	0.84	0.88	0.92	0.92	0.84	0.92	0.92	0.92	0.92	0.92	0.92	0.92	0.92	0.92
0.92	0.92	0.92	0.92	0.92	0.92	0.92	0.92	0.92	0.88	0.76	0.92	0.92	0.92	0.92	0.92	0.92	0.88	0.92	0.92
0.92	0.0	0.92	0.92	0.92	0.88	0.88	0.92	0.92	0.92	0.92	0.92	0.76	0.76	0.92	0.92	0.92	0.88	0.92	0.92
0.92	0.92	0.92	0.88	0.92	0.76	0.0	0.92	0.0	0.92	0.0	0.76	0.92	0.92	0.92	0.92	0.92	0.92	0.92	0.92
0.92	0.0	0.84	0.92	0.92	0.92	0.92	0.92	0.92	0.76	0.92	0.92	0.92	0.92	0.92	0.92	0.92	0.92	0.92	0.92
0.92	0.92	0.84	0.92	0.92	0.88	0.92	0.92	0.92	0.92	0.92	0.92	0.92	0.92	0.92	0.76	0.92	0.92	0.92	0.0
0.0	0.92	0.92	0.92	0.0	0.92	0.92	0.92	0.92	0.92	0.92	0.92	0.92	0.0	0.92	0.92	0.92	0.88	0.92	0.92

Simulation 47
0.72	0.84	0.0	0.0	0.0	0.0	0.0	0.0	0.0	0.0	0.0	0.0	0.0	0.0	0.0	0.0	0.0	0.0	0.64	0.56
0.84	0.0	0.84	0.0	0.64	0.0	0.0	0.64	0.64	1.0	0.72	0.0	0.56	0.0	0.72	0.64	0.8	0.64	0.84	0.84
0.84	0.84	0.92	0.84	0.84	1.0	1.0	0.68	0.84	0.84	0.84	0.84	0.72	1.0	0.84	0.84	0.84	0.0	0.84	0.76

Simulation 48
0.0	0.84	0.0	0.0	0.0	0.92	0.0	0.0	0.0	0.0	0.0	0.72	0.72	0.0	0.68	0.0	0.0	0.76	0.0	0.0
0.76	0.76	0.76	0.0	0.84	0.84	0.92	0.84	0.84	0.92	0.0	0.72	0.84	0.92	0.84	0.0	0.92	0.92	0.0	0.0
0.92	0.0	0.92	0.92	0.92	0.92	0.92	0.92	0.92	0.92	0.92	0.0	0.92	0.8	0.0	0.8	0.92	0.92	0.92	0.92
0.92	0.92	0.92	0.92	0.0	0.0	0.92	0.92	0.84	0.92	0.92	0.0	0.0	0.92	0.0	0.92	0.92	0.92	0.92	0.84
0.92	0.92	0.92	0.92	0.92	0.92	0.92	0.84	0.92	0.92	0.92	0.0	0.92	0.92	0.0	0.0	0.92	0.92	0.84	0.92
0.92	0.92	0.92	0.92	0.92	0.92	0.84	0.92	0.92	0.92	0.92	0.92	0.92	0.92	0.92	0.92	0.92	0.92	0.92	0.84
0.92	0.0	0.84	0.92	0.92	0.92	0.92	0.92	0.92	0.92	0.92	0.8	0.92	0.92	0.92	0.92	0.76	0.0	0.92	0.92
0.0	0.92	0.92	0.92	0.92	0.92	0.84	0.92	0.92	0.92	0.8	0.92	0.0	0.92	0.92	0.92	0.92	0.92	0.0	0.92
0.92	0.92	0.92	0.92	0.92	0.84	0.92	0.92	0.92	0.92	0.92	0.92	0.92	0.92	0.92	0.0	0.92	0.92	0.0	0.92
0.92	0.92	0.92	0.64	0.92	0.92	0.0	0.92	0.92	0.92	0.92	0.84	0.92	0.92	0.92	0.56	0.92	0.92	0.8	0.92
0.92	0.92	0.0	0.8	0.92	0.56	0.84	0.92	0.8	0.92	0.92	0.84	0.92	0.92	0.52	0.92	0.64	0.0	0.62	0.92
0.84	0.92	0.92	0.92	0.92	0.92	0.92	0.92	0.92	0.0	0.0	0.92	0.92	0.92	0.92	0.92	0.92	0.92	0.92	0.92
0.0	0.92	0.92	0.92	0.92	0.92	0.92	0.92	0.92	0.92	0.92	0.92	0.92	0.92	0.92	0.92	0.92	0.92	0.92	0.92
0.92	0.0	0.92	0.0	0.92	0.92	0.92	0.0	0.92	0.92	0.92	0.92	0.92	0.56	0.92	0.92	0.92	0.84	0.56	0.92
0.92	0.92	0.92	0.92	0.92	0.84	0.84	0.92	0.92	0.84	0.0	0.92	0.92	0.92	0.92	0.84	0.92	0.84	0.52	0.92
0.92	0.92	0.8	0.92	0.92	0.92	0.92	0.92	0.92	0.92	0.92	0.92	0.92	0.92	0.92	0.92	0.92	0.92	0.92	0.92
0.92	0.92	0.92	0.92	0.92	0.92	0.92	0.84	0.92	0.0	0.0	0.0	0.84	0.8	0.92	0.92	0.92	0.92	0.92	0.92
0.92	0.92	0.92	0.92	0.92	0.76	0.92	0.92	0.92	0.92	0.92	0.92	0.92	0.92	0.92	0.92	0.92	0.92	0.0	0.92
0.92	0.92	0.92	0.92	0.92	0.0	0.92	0.92	0.76	0.92	0.92	0.92	0.92	0.92	0.92	0.76	0.92	0.92	0.92	0.92
0.92	0.92	0.92	0.92	0.92	0.92	0.92	0.92	0.92	0.92	0.92	0.6	0.76	0.92	0.92	0.92	0.92	0.92	0.92	0.0

Simulation 49
0.84	0.76	0.64	0.0	0.0	0.0	0.52	0.76	0.0	0.48	0.0	0.0	0.6	0.0	0.52	0.0	0.0	0.0	0.0	0.0
0.76	0.0	0.52	0.76	0.0	0.84	0.0	0.0	0.84	0.84	0.84	0.84	0.68	0.84	0.0	0.0	0.52	0.0	0.84	0.68
0.84	0.84	0.8	0.84	0.84	0.76	0.84	0.84	0.84	0.84	0.84	0.84	0.84	0.84	0.84	0.84	0.84	0.84	0.84	0.84
0.84	0.84	0.84	0.84	0.84	0.76	0.84	0.84	0.84	0.84	0.84	0.84	0.84	0.84	0.84	0.8	0.84	0.84	0.76	0.84
0.84	0.84	0.84	0.84	0.84	0.8	0.84	0.0	0.84	0.84	0.84	0.56	0.84	0.84	0.84	0.84	0.56	0.84	0.84	0.84
0.8	0.84	0.84	0.84	0.84	0.8	0.84	0.84	0.84	0.84	0.0	0.76	0.84	0.44	0.84	0.84	0.0	0.84	0.76	0.84
0.84	0.76	0.84	0.92	0.84	0.84	0.84	0.84	0.0	0.84	0.84	0.58	0.84	0.84	0.84	0.84	0.84	0.84	0.84	0.48
0.68	0.84	0.72	0.92	0.76	0.84	0.0	0.84	0.92	0.84	0.84	0.84	0.76	0.76	0.92	0.84	0.92	0.84	0.0	0.84
0.92	0.92	0.92	0.92	0.92	0.8	0.92	0.0	0.92	0.8	0.92	0.92	0.0	0.92	0.92	0.92	0.92	0.92	0.0	0.92
0.92	0.92	0.92	0.92	0.92	0.92	0.92	0.92	0.84	0.92	0.92	0.92	0.92	0.92	0.92	0.92	0.92	0.92	0.92	0.92
0.92	0.92	0.92	0.92	0.92	0.92	0.0	0.92	0.84	0.84	0.92	0.92	0.92	0.84	0.84	0.92	0.92	0.92	0.92	0.92
0.92	0.84	0.92	0.92	0.92	0.0	0.92	0.92	0.92	0.92	0.92	0.92	0.92	0.92	0.92	0.92	0.92	0.92	0.92	0.0
0.92	0.0	0.92	0.92	0.84	0.84	0.84	0.92	0.92	0.92	0.92	0.92	0.92	0.92	0.92	0.92	0.92	0.92	0.92	0.92
0.0	0.92	0.92	0.84	0.92	0.92	0.92	0.0	0.92	0.92	0.84	0.92	0.84	0.0	0.8	0.92	0.92	0.92	0.0	0.92
0.92	0.92	0.92	0.92	0.92	0.92	0.84	0.92	0.92	0.92	0.92	0.92	0.92	0.92	0.92	0.92	0.64	0.92	0.92	0.92
0.92	0.92	0.92	0.92	0.92	0.92	0.92	0.92	0.92	0.92	0.92	0.92	0.0	0.92	0.92	0.92	0.92	0.92	0.0	0.92
0.92	0.0	0.92	0.92	0.92	0.92	0.92	0.92	0.0	0.92	0.92	0.92	0.92	0.92	0.0	0.92	0.92	0.92	0.92	0.92
0.92	0.84	0.92	0.92	0.92	0.92	0.92	0.92	0.92	0.92	0.92	0.92	0.92	0.92	0.92	0.92	0.84	0.92	0.92	0.92
0.92	0.92	0.92	0.84	0.92	0.92	0.8	0.92	0.8	0.92	0.84	0.84	0.92	0.92	0.92	0.92	0.92	0.92	0.84	0.76
0.92	0.92	0.92	0.0	0.92	0.0	0.92	0.0	0.92	0.84	0.84	0.92	0.92	0.92	0.84	0.92	0.92	0.92	0.0	0.0

Simulation 50
0.0	0.0	0.0	0.0	0.0	0.52	0.0	0.0	0.0	0.88	0.0	0.76	0.0	0.0	0.76	0.0	0.0	0.0	0.88	0.0
0.8	0.0	0.76	0.88	0.84	0.88	0.0	0.88	0.76	0.92	0.0	0.8	0.84	0.88	0.76	0.8	0.0	0.8	0.96	0.0
0.88	0.76	0.88	0.88	0.88	0.88	0.84	0.68	0.0	0.92	0.96	0.84	0.88	0.88	0.76	0.96	0.7	0.0	0.72	0.84
0.74	0.92	0.0	0.74	0.88	0.0	0.0	0.0	0.92	0.84	0.74	0.84	0.88	0.0	0.96	0.96	0.96	0.96	0.84	0.76
0.96	0.72	0.88	0.84	0.0	0.96	0.96	0.96	0.6	0.0	0.96	0.88	0.96	0.96	0.96	0.0	0.0	0.96	0.96	0.96
0.96	0.96	0.96	0.96	0.0	0.96	0.96	0.96	0.96	0.96	0.0	0.0	0.96	0.96	0.96	0.96	0.84	0.96	0.92	0.96
0.8	0.96	0.0	0.96	0.96	0.88	0.84	0.96	0.96	0.96	0.96	0.92	0.96	0.88	0.96	0.96	0.96	0.96	0.8	0.8
0.96	0.0	0.96	0.84	0.96	0.96	0.96	0.0	0.96	0.96	0.96	0.96	0.96	0.96	0.96	0.96	0.96	0.96	0.96	0.0
0.96	0.0	0.96	0.96	0.96	0.96	0.0	0.96	0.96	0.84	0.88	0.96	0.96	0.92	0.96	0.96	0.96	0.96	0.0	0.96
0.96	0.96	0.96	0.96	0.96	0.96	0.96	0.96	0.96	0.96	0.96	0.8	0.96	0.8	0.96	0.96	0.8	0.8	0.96	0.96
0.96	0.96	0.96	0.8	0.96	0.84	0.96	0.0	0.96	0.88	0.0	0.92	0.96	0.96	0.96	0.96	0.96	0.96	0.96	0.96
0.96	0.8	0.96	0.84	0.96	0.8	0.84	0.96	0.96	0.96	0.0	0.96	0.96	0.96	0.96	0.96	0.96	0.96	1.0	0.96
1.0	0.0	0.92	1.0	0.8	1.0	1.0	0.76	0.96	0.88	0.96	0.96	0.96	0.96	1.0	0.92	1.0	1.0	0.96	0.8
