
Fitness evolution
-----------------

Simulation 1
1.0	0.0	0.0	0.0	0.0	0.0	0.0	0.0	1.0	0.8333333	0.0	0.0	0.0	0.0	0.0	0.0	0.8333333	0.6666667	0.0	0.8333333
1.0	1.0	0.8333333	0.8333333	0.0	0.8333333	0.8333333	0.8333333	1.0	1.0	1.0	1.0	1.0	1.0	0.0	1.0	1.0	1.0	1.0	0.0

Simulation 2
0.0	0.8333333	0.0	0.0	0.0	0.0	0.0	1.0	0.5833333	0.0	0.0	0.0	0.5	0.0	0.5	0.0	0.0	0.0	0.0	0.0
0.6666667	1.0	0.8333333	0.8333333	1.0	1.0	0.8333333	1.0	0.8333333	0.8333333	1.0	1.0	0.8333333	0.5833333	0.8333333	0.5	1.0	1.0	0.0	0.8333333

Simulation 3
0.8333333	0.5	0.8333333	0.6666667	0.6666667	0.0	0.0	0.0	1.0	0.6666667	0.0	0.0	0.0	0.0	0.8333333	0.0	0.0	0.5	0.0	0.6666667
1.0	0.0	0.8333333	0.0	0.8333333	0.75	0.8333333	1.0	0.8333333	1.0	0.0	0.8333333	0.8333333	0.0	1.0	0.0	1.0	0.8333333	0.8333333	0.8333333

Simulation 4
1.0	0.0	0.8333333	0.0	0.0	0.8333333	0.0	0.0	0.6666667	0.0	0.0	0.0	0.0	0.0	0.0	0.0	0.0	0.5	0.5	0.0
0.8333333	0.0	0.8333333	0.8333333	0.8333333	0.8333333	0.8333333	0.0	0.8333333	0.8333333	1.0	0.8333333	0.33333337	1.0	0.8333333	0.8333333	0.8333333	1.0	1.0	0.8333333

Simulation 5
0.0	0.8333333	0.0	0.0	0.0	0.6666667	0.0	1.0	0.0	0.0	0.0	1.0	0.0	0.0	0.5	0.0	0.0	0.0	0.0	0.6666667
0.6666667	1.0	1.0	0.5	0.8333333	1.0	0.8333333	0.5	0.0	0.8333333	1.0	0.8333333	0.0	0.8333333	0.8333333	0.0	0.8333333	1.0	0.8333333	0.8333333

Simulation 6
0.0	0.0	1.0	1.0	0.0	0.0	0.6666667	0.0	0.0	0.0	1.0	0.0	1.0	0.0	0.0	0.0	0.0	1.0	0.0	0.0

Simulation 7
0.0	0.0	1.0	0.0	0.8333333	0.0	0.0	0.0	0.0	1.0	0.0	0.8333333	0.8333333	0.0	0.5	0.0	0.0	0.0	0.0	0.5
1.0	0.8333333	1.0	1.0	1.0	1.0	1.0	0.0	1.0	1.0	0.0	0.0	1.0	1.0	0.0	1.0	0.0	0.5	1.0	1.0

Simulation 8
0.0	0.0	0.0	0.0	0.5	0.0	0.0	1.0	0.0	0.6666667	0.0	0.8333333	0.0	1.0	0.0	0.0	0.0	0.6666667	1.0	0.5

Simulation 9
0.0	0.5	0.0	0.6666667	1.0	0.0	1.0	0.0	0.0	0.0	1.0	0.0	0.0	1.0	0.0	0.0	0.0	0.0	0.0	1.0

Simulation 10
0.0	0.0	0.0	0.0	0.5	1.0	0.0	0.0	0.0	0.0	0.5	0.0	0.0	0.0	0.0	0.0	0.5	0.8333333	0.0	0.0
1.0	1.0	0.6666667	1.0	1.0	1.0	0.8333333	1.0	1.0	0.5	0.5	0.0	0.5	0.6666667	0.5	0.6666667	0.6666667	0.6666667	0.8333333	1.0

Simulation 11
0.6666667	0.8333333	0.0	0.0	0.0	0.0	0.0	0.0	1.0	0.0	0.0	0.0	0.0	0.0	0.0	0.75	0.0	0.0	0.0	0.0
1.0	1.0	1.0	1.0	1.0	0.5833333	1.0	1.0	0.75	0.75	0.75	1.0	1.0	0.5	1.0	1.0	0.8333333	1.0	0.8333333	1.0

Simulation 12
0.6666667	0.0	0.8333333	0.0	0.0	0.0	0.8333333	0.5	0.0	0.0	0.8333333	0.6666667	0.0	0.0	0.0	0.0	0.0	0.0	0.6666667	0.0
0.8333333	0.0	0.8333333	0.8333333	0.8333333	0.8333333	0.8333333	0.0	0.0	0.8333333	0.0	0.8333333	0.8333333	0.0	0.8333333	0.8333333	0.8333333	1.0	0.8333333	0.8333333
0.8333333	1.0	0.8333333	0.8333333	0.8333333	1.0	0.8333333	0.8333333	1.0	0.8333333	1.0	0.8333333	0.8333333	1.0	0.8333333	0.8333333	0.0	0.8333333	1.0	1.0

Simulation 13
0.0	0.6666667	0.0	1.0	0.0	0.8333333	0.5	0.6666667	0.0	0.6666667	0.6666667	0.0	0.0	0.0	0.0	0.5	0.0	0.8333333	0.0	0.0
0.8333333	0.8333333	1.0	0.8333333	0.8333333	0.6666667	0.8333333	0.8333333	0.8333333	0.8333333	1.0	1.0	0.8333333	1.0	0.8333333	0.8333333	0.8333333	0.8333333	0.8333333	0.0

Simulation 14
0.0	0.5	0.0	0.0	1.0	0.0	0.8333333	0.0	0.0	0.0	0.0	1.0	0.8333333	0.0	0.0	0.0	0.0	0.0	0.0	0.0
1.0	1.0	1.0	1.0	1.0	1.0	1.0	1.0	0.8333333	0.8333333	0.8333333	1.0	1.0	0.8333333	0.8333333	1.0	1.0	0.8333333	0.8333333	1.0

Simulation 15
0.0	0.0	0.33333337	0.8333333	0.0	0.0	0.0	0.0	0.8333333	0.0	1.0	0.0	0.0	0.0	0.0	0.8333333	0.0	0.0	0.0	0.6666667
1.0	0.8333333	1.0	1.0	1.0	0.0	0.8333333	0.8333333	0.8333333	0.8333333	1.0	1.0	0.8333333	0.8333333	1.0	1.0	0.8333333	0.8333333	0.8333333	1.0

Simulation 16
0.0	0.33333337	0.0	0.0	0.6666667	1.0	0.0	0.0	0.0	0.0	0.8333333	0.5833333	0.0	0.0	0.0	0.8333333	0.0	0.0	0.0	0.16666669
0.8333333	0.8333333	1.0	1.0	0.8333333	0.8333333	0.8333333	1.0	0.0	1.0	0.0	1.0	0.8333333	0.8333333	1.0	0.8333333	0.0	1.0	0.8333333	0.0

Simulation 17
0.0	0.0	0.0	0.6666667	0.6666667	0.0	0.0	0.6666667	0.0	0.0	0.0	0.0	0.0	0.0	1.0	0.0	0.5	0.0	0.0	0.0
0.5	0.0	1.0	0.5	0.6666667	0.6666667	0.6666667	0.0	0.6666667	0.8333333	0.0	0.5	0.5	0.75	1.0	0.5	1.0	1.0	0.6666667	1.0

Simulation 18
0.0	0.0	1.0	0.0	0.0	0.6666667	1.0	0.0	0.8333333	0.0	0.0	1.0	0.0	0.8333333	1.0	0.0	0.0	0.0	0.0	0.5

Simulation 19
1.0	0.0	0.0	0.0	0.0	0.0	0.5	0.0	1.0	1.0	1.0	0.0	0.0	0.8333333	0.8333333	0.0	0.0	1.0	0.0	0.0

Simulation 20
0.0	0.75	0.8333333	0.0	0.0	0.0	0.0	0.0	0.0	0.0	0.5	0.5	0.0	0.0	0.0	0.8333333	0.0	1.0	0.0	0.0
0.0	0.8333333	0.8333333	0.0	1.0	1.0	0.8333333	0.8333333	0.8333333	0.8333333	0.8333333	0.8333333	1.0	0.8333333	0.8333333	1.0	0.0	0.8333333	1.0	0.8333333

Simulation 21
0.0	0.0	0.8333333	0.0	0.0	0.0	0.5	0.0	0.0	0.0	0.6666667	0.0	0.8333333	0.0	0.0	0.0	0.0	0.0	0.0	0.8333333
0.8333333	0.6666667	0.8333333	0.8333333	0.8333333	0.8333333	0.8333333	0.6666667	0.8333333	0.8333333	0.8333333	0.8333333	0.6666667	0.8333333	0.8333333	0.8333333	0.8333333	0.8333333	0.8333333	0.0
0.8333333	0.8333333	0.8333333	0.8333333	0.8333333	0.8333333	0.8333333	0.0	0.8333333	0.8333333	0.8333333	0.8333333	0.0	0.8333333	0.8333333	0.8333333	0.8333333	0.8333333	0.8333333	0.8333333
0.8333333	0.8333333	0.8333333	0.8333333	0.8333333	0.8333333	0.8333333	0.8333333	0.8333333	0.8333333	0.8333333	0.8333333	0.8333333	0.8333333	0.8333333	0.0	0.6666667	0.0	0.0	0.8333333
0.8333333	0.8333333	0.8333333	0.8333333	0.8333333	0.8333333	0.8333333	0.8333333	0.8333333	0.0	0.8333333	0.8333333	0.8333333	1.0	0.8333333	0.8333333	0.8333333	0.8333333	0.8333333	0.8333333
0.8333333	0.8333333	0.8333333	0.8333333	0.8333333	1.0	0.8333333	0.8333333	0.8333333	0.8333333	0.6666667	1.0	0.8333333	0.8333333	1.0	0.0	0.0	0.8333333	1.0	0.8333333

Simulation 22
0.0	1.0	0.8333333	0.6666667	0.5	0.0	0.0	0.0	0.6666667	0.0	0.0	0.6666667	0.0	0.0	0.0	0.0	0.0	0.0	0.0	1.0
0.8333333	1.0	1.0	0.8333333	1.0	0.6666667	0.8333333	0.8333333	1.0	1.0	1.0	0.8333333	0.0	0.0	1.0	0.8333333	0.8333333	0.5	1.0	1.0

Simulation 23
0.0	0.0	0.0	0.0	0.0	0.0	0.0	0.0	0.8333333	0.0	0.6666667	0.0	0.0	0.0	0.0	0.0	0.0	0.0	0.0	0.5
0.6666667	0.75	0.0	0.5	0.0	0.5	0.5	0.75	0.0	0.8333333	0.5	0.5	0.6666667	0.5	0.0	0.0	0.5	0.5	0.6666667	0.0
1.0	1.0	0.75	0.75	0.75	0.0	0.8333333	0.8333333	0.75	0.75	0.5	0.75	0.8333333	0.8333333	0.0	0.75	0.75	0.8333333	0.75	0.75
0.8333333	0.0	0.8333333	1.0	0.0	0.75	0.75	1.0	1.0	0.8333333	1.0	0.8333333	0.0	0.8333333	1.0	1.0	0.8333333	1.0	0.8333333	1.0

Simulation 24
0.0	0.0	0.5	0.8333333	1.0	0.0	0.0	0.6666667	1.0	0.0	0.0	0.0	0.8333333	0.0	0.0	0.0	0.0	0.0	0.0	0.8333333
1.0	0.0	0.8333333	0.8333333	0.8333333	0.0	0.8333333	1.0	1.0	0.0	0.0	1.0	1.0	1.0	0.0	1.0	1.0	0.0	1.0	1.0

Simulation 25
0.0	0.5	0.0	0.0	0.0	0.0	0.8333333	0.0	0.6666667	0.0	0.0	0.0	0.0	0.0	1.0	0.0	0.8333333	0.75	0.0	1.0
0.8333333	1.0	0.8333333	1.0	0.8333333	0.8333333	1.0	0.8333333	1.0	1.0	1.0	0.8333333	1.0	0.8333333	0.0	1.0	0.0	0.0	0.8333333	0.8333333

Simulation 26
0.0	0.5	0.0	0.0	1.0	0.0	1.0	0.0	0.0	0.0	1.0	0.5	0.0	0.0	0.0	0.0	0.0	0.0	0.0	0.0

Simulation 27
0.33333337	0.0	0.0	0.0	0.8333333	0.8333333	1.0	0.6666667	0.0	0.6666667	0.0	0.0	0.0	0.0	1.0	1.0	0.5	0.0	0.0	0.5

Simulation 28
0.0	0.0	0.0	0.0	1.0	0.8333333	0.0	1.0	0.8333333	0.0	0.5	0.6666667	0.0	0.0	0.5	0.0	0.0	0.0	0.5	0.5833333
0.0	0.8333333	0.6666667	1.0	1.0	0.8333333	0.8333333	1.0	0.6666667	0.8333333	0.0	0.0	0.6666667	0.0	0.0	0.8333333	0.0	0.0	1.0	0.8333333

Simulation 29
0.0	0.0	0.0	0.0	0.0	0.8333333	0.0	1.0	1.0	0.0	0.0	0.0	0.0	0.8333333	0.0	0.6666667	0.0	0.0	0.0	0.0
1.0	0.8333333	0.8333333	1.0	1.0	0.0	0.8333333	1.0	1.0	0.8333333	1.0	1.0	0.0	0.0	1.0	1.0	1.0	0.8333333	1.0	1.0

Simulation 30
0.0	0.0	0.0	0.0	0.5	0.0	0.0	1.0	1.0	0.0	1.0	0.0	0.0	0.0	0.0	0.0	0.0	1.0	0.0	0.0

Simulation 31
0.5	0.0	0.0	0.0	0.0	0.0	0.0	0.5	0.0	0.0	0.5	0.0	0.0	0.0	0.0	0.8333333	0.6666667	0.0	0.0	0.8333333
0.0	0.8333333	0.8333333	1.0	0.8333333	0.8333333	1.0	0.8333333	0.5	0.8333333	0.8333333	1.0	0.6666667	0.0	0.5	0.6666667	0.8333333	0.0	0.8333333	0.8333333

Simulation 32
0.5	0.0	0.0	0.0	0.0	0.0	0.0	0.0	0.6666667	1.0	0.8333333	0.0	0.0	0.0	0.6666667	1.0	1.0	0.5	0.0	1.0

Simulation 33
0.0	0.33333337	0.8333333	0.0	0.0	0.8333333	0.0	0.0	0.0	0.8333333	0.0	0.0	0.16666669	0.0	0.0	0.0	0.0	0.0	0.0	0.8333333
0.8333333	0.8333333	0.8333333	1.0	0.8333333	0.8333333	0.8333333	0.33333337	0.8333333	0.8333333	0.6666667	0.6666667	1.0	0.8333333	0.0	0.8333333	0.0	0.8333333	0.8333333	0.0
0.8333333	1.0	1.0	0.8333333	0.8333333	0.8333333	0.6666667	1.0	1.0	0.8333333	0.8333333	0.6666667	0.8333333	1.0	0.8333333	0.8333333	1.0	0.6666667	1.0	1.0

Simulation 34
0.0	0.0	0.0	0.6666667	0.0	0.0	1.0	0.8333333	0.6666667	0.0	0.0	0.8333333	0.0	0.0	0.0	0.0	0.8333333	0.8333333	0.0	0.5
0.8333333	0.6666667	0.8333333	0.8333333	0.8333333	0.8333333	0.0	0.8333333	0.8333333	0.8333333	0.8333333	1.0	0.8333333	0.8333333	0.8333333	0.8333333	0.6666667	1.0	0.8333333	0.8333333
0.0	0.0	1.0	1.0	0.0	1.0	0.8333333	1.0	1.0	0.8333333	1.0	1.0	0.8333333	1.0	0.8333333	0.8333333	1.0	1.0	1.0	1.0

Simulation 35
1.0	0.0	0.0	0.0	0.5	0.8333333	0.0	0.0	0.0	0.0	0.8333333	0.0	1.0	0.0	0.0	0.0	0.0	0.8333333	0.0	0.0
0.0	1.0	0.8333333	0.8333333	0.8333333	0.0	0.0	1.0	1.0	1.0	0.0	0.0	0.6666667	1.0	0.8333333	0.8333333	1.0	1.0	1.0	1.0

Simulation 36
0.0	0.0	0.0	1.0	1.0	0.0	0.8333333	0.0	0.0	0.0	0.5	0.0	0.0	0.0	0.5	0.8333333	0.0	0.0	0.8333333	0.8333333
0.8333333	1.0	0.8333333	0.0	0.0	0.8333333	0.6666667	0.0	0.8333333	1.0	0.8333333	1.0	1.0	1.0	1.0	1.0	0.8333333	0.8333333	1.0	0.8333333

Simulation 37
0.0	1.0	0.8333333	0.0	0.8333333	0.0	0.0	0.0	0.6666667	0.0	0.0	0.5	0.8333333	0.0	0.0	1.0	0.0	1.0	0.8333333	0.0

Simulation 38
0.0	0.0	0.0	1.0	0.0	0.6666667	1.0	0.0	0.0	1.0	0.0	0.0	0.0	0.0	0.8333333	0.33333337	1.0	0.16666669	0.0	0.0

Simulation 39
0.8333333	1.0	0.0	0.0	0.0	0.0	0.0	0.0	0.0	0.0	0.0	0.6666667	0.33333337	0.0	0.0	0.0	0.0	0.0	0.0	0.8333333
0.8333333	0.8333333	0.8333333	0.8333333	0.8333333	1.0	0.8333333	0.0	1.0	1.0	0.8333333	1.0	1.0	0.8333333	1.0	1.0	1.0	0.8333333	0.8333333	0.0

Simulation 40
1.0	0.0	0.0	1.0	0.5	0.0	0.6666667	0.0	0.0	1.0	0.33333337	1.0	0.0	0.0	0.0	0.0	0.0	0.5	0.0	0.0

Simulation 41
0.0	0.0	0.0	0.6666667	0.0	0.5833333	0.0	0.8333333	0.0	0.0	0.0	0.5	0.0	0.0	0.0	0.0	0.0	0.8333333	0.0	0.8333333
0.8333333	1.0	0.8333333	0.8333333	0.8333333	0.8333333	0.8333333	0.8333333	0.8333333	0.8333333	0.8333333	0.8333333	0.0	0.8333333	0.8333333	0.8333333	0.8333333	0.8333333	0.8333333	0.8333333
0.8333333	0.8333333	1.0	1.0	0.0	0.8333333	0.0	0.8333333	0.8333333	1.0	0.8333333	1.0	0.8333333	0.8333333	0.8333333	0.8333333	0.8333333	1.0	0.8333333	0.8333333

Simulation 42
0.0	0.8333333	0.0	0.0	0.8333333	0.0	0.6666667	0.0	0.5	0.0	0.0	0.0	1.0	0.0	0.8333333	0.0	1.0	0.0	1.0	0.0

Simulation 43
0.8333333	0.0	0.6666667	0.0	0.0	0.8333333	0.0	0.8333333	1.0	0.0	0.0	0.0	0.0	0.0	0.33333337	1.0	0.0	0.0	0.0	0.0
1.0	0.8333333	0.8333333	1.0	0.8333333	1.0	1.0	1.0	1.0	1.0	1.0	1.0	1.0	1.0	1.0	1.0	0.0	1.0	1.0	1.0

Simulation 44
0.0	0.5	0.5	0.0	0.75	0.0	0.0	0.0	0.0	1.0	0.8333333	0.0	0.6666667	0.8333333	0.6666667	1.0	0.0	1.0	0.5	0.75

Simulation 45
0.0	0.0	0.0	0.0	0.0	0.0	0.33333337	0.0	0.0	1.0	0.0	1.0	1.0	1.0	1.0	1.0	0.0	0.5833333	0.0	0.0

Simulation 46
0.0	0.0	1.0	1.0	0.0	0.0	0.0	0.8333333	0.0	0.0	0.0	0.0	0.0	0.6666667	0.8333333	0.8333333	0.0	0.6666667	0.0	0.0
0.8333333	1.0	0.5	1.0	0.8333333	1.0	1.0	1.0	1.0	1.0	1.0	1.0	1.0	1.0	0.5	1.0	1.0	0.41666663	1.0	0.8333333

Simulation 47
0.8333333	1.0	0.0	0.0	0.0	0.0	0.0	0.0	0.0	0.0	0.0	0.0	0.0	0.0	0.0	0.0	0.0	0.0	0.6666667	0.5
1.0	0.0	1.0	0.0	0.6666667	0.0	0.0	0.6666667	0.6666667	1.0	0.6666667	0.0	0.5	0.0	0.8333333	0.6666667	0.8333333	0.6666667	1.0	1.0

Simulation 48
0.0	1.0	0.0	0.0	0.0	1.0	0.0	0.0	0.0	0.0	0.0	0.8333333	0.8333333	0.0	0.6666667	0.0	0.0	0.8333333	0.0	0.0
0.8333333	0.8333333	0.8333333	0.6666667	1.0	1.0	1.0	1.0	1.0	1.0	1.0	0.0	1.0	1.0	1.0	0.8333333	1.0	1.0	0.0	0.8333333

Simulation 49
1.0	0.8333333	0.8333333	0.0	0.0	0.0	0.5	1.0	0.0	0.5	0.0	0.0	0.6666667	0.0	0.5	0.0	0.0	0.0	0.0	0.0
0.6666667	1.0	0.0	0.8333333	0.6666667	1.0	1.0	0.0	1.0	1.0	1.0	1.0	0.0	1.0	1.0	0.0	1.0	0.0	0.8333333	0.0

Simulation 50
0.0	0.0	0.0	0.0	0.0	0.5	0.0	0.0	0.0	1.0	0.0	0.8333333	0.0	0.0	0.8333333	0.0	0.0	0.0	1.0	0.0
1.0	0.0	0.8333333	1.0	1.0	1.0	0.0	1.0	0.8333333	1.0	0.0	0.8333333	1.0	1.0	0.8333333	0.8333333	0.0	0.8333333	1.0	0.0
